MutationType	SBS96A	SBS96B	SBS96C	SBS96D	SBS96E	SBS96F	SBS96G	SBS96H	SBS96I	SBS96J	SBS96K	SBS96L	SBS96M	SBS96N	SBS96O	SBS96P	SBS96Q	SBS96R	SBS96S	SBS96T	SBS96U	SBS96V	SBS96W	SBS96X	SBS96Y	SBS96Z	SBS96AA	SBS96AB	SBS96AC	SBS96AD	SBS96AE	SBS96AF	SBS96AG	SBS96AH	SBS96AI	SBS96AJ	SBS96AK	SBS96AL	SBS96AM	SBS96AN	SBS96AO	SBS96AP	SBS96AQ	SBS96AR	SBS96AS	SBS96AT	SBS96AU	SBS96AV
A[C>A]A	0.0	0.15616872292680214	0.0023805217381059067	0.03444513481206995	7.240430249556461e-05	0.0	0.004869104028943992	0.0	0.0	0.06449463175187935	0.014973702112870559	0.0	0.010855534076283502	0.10340615872011283	0.0	0.0	0.0	0.02529860829153971	0.0019526582930783605	0.0	0.0	0.0	0.0	0.09971955019867379	0.0	0.021816544907939956	0.00029947766247040994	0.025630189626931987	0.016984819837864984	5.9521350204979567e-05	0.0021580672608360685	0.008004563788849433	0.0	0.003920356052312328	0.0	0.0	0.0058404097044553235	0.001096354532508674	0.0025663865139205623	0.0	0.0	0.0015630031843947585	0.0	0.0	0.0	0.00030377249343525853	0.0	0.0
A[C>A]C	0.0	0.04581486106820062	0.0	0.001502129485368473	0.0011163507642327052	0.0	0.0009908235524913535	0.0	0.0	0.026573925741158477	0.0	0.0	0.0	0.03985466897695787	0.010456629799623855	0.0	0.0	0.0383981648062289	0.0	0.000845963196325933	0.0033602406356210745	0.0	0.03221452489569219	0.022197789670755926	0.0	0.0	0.035794619134876644	0.0	0.0	0.005165613824926055	0.0	0.013273491580908925	0.0	0.0	0.0	0.0	0.02947176062475038	0.0	0.0	0.0012536413955583114	0.005259644031834978	0.0	0.006847542281877162	0.0	0.017167162922075596	0.0	0.0	0.0
A[C>A]G	0.0	0.019279676518302945	0.0	0.0	0.0	0.00033713937017144046	2.1521699794152052e-05	0.0	0.0005745811549459085	0.0	0.0007556785236317528	0.0	2.3134188499747176e-05	0.0	0.0	0.0071452363032045475	0.0	0.017454324750384043	0.0	0.0	0.0015181422868899032	0.0	0.0	0.00907426512930232	0.0	0.01335335827185205	0.0	0.0	0.0018260972673692652	0.0	0.0	0.0	0.0008074872847680527	0.0	0.0	0.0006872605080881243	0.002373243544292143	0.0002374434984052418	0.0023765252639442306	0.0	0.0	0.0	0.0013090414662592447	0.0	0.0011234529762418847	0.0	0.0	0.0
A[C>A]T	0.0	0.11516412653145192	0.0	0.0	0.0	0.0	0.0	0.0035555240947436322	0.003497575800941327	0.017612167557102355	0.0014488214419594945	0.0009195331771188003	0.0	0.0	0.0	0.0	0.006534717847659034	0.012432529689876357	0.0014537313772145864	0.007066572770720066	0.010960860239870043	0.01993398033108376	0.0	0.035663836353843625	0.0	0.0	0.02516760764691671	0.0	0.0	0.02105138990697758	0.002237524803358737	0.002113949193840259	0.0	0.0	0.004118018880346288	0.0	0.018388581248382548	0.0003169885677395054	0.0	0.0	0.0	0.0	0.004061372620495726	0.0	0.006339668873518636	0.0	0.0	0.00035436012856228963
A[C>G]A	2.1521687653875122e-05	0.03322626832196699	0.0011182208985181874	0.03004240924237894	0.004333936472220931	0.0032817554692370268	0.0	0.0	0.0007268410295435771	0.0	0.0	0.0	3.0703836496323435e-05	0.01563138311489053	0.0	0.0	0.0	0.004613540118605198	9.600030393879436e-05	0.0	0.004915020138652435	0.002240745323584168	0.0	0.011308303209338094	0.0	0.019268219838173846	0.04499924743635977	0.005223267246175313	0.010685951807705919	0.0	0.0	0.0006635020030435508	0.0005865326711370322	0.0	0.0	0.0	0.0	0.0	0.031278993470229034	0.0	0.0	0.0	0.0	0.012411962655425317	0.0	0.0	0.0	0.0
A[C>G]C	0.0	0.010602081106240335	0.0	0.0	0.0019564052969989797	0.00022076301164889028	0.0016076913979470083	0.0	0.0007578639973184272	0.0	0.0010528090635293255	0.0	0.0	0.006069701560879802	0.0025618460075858256	0.01597821945263793	0.0	0.0026169501349122912	0.0	0.0	0.0	0.0	0.026807058107234483	0.0022335061003822673	0.0	0.006971295249305545	0.02486458959985039	0.0034845975618018176	0.004888598552671343	0.0	0.0	0.0	0.0	0.0	0.000603256594325808	0.0	0.0	0.0	0.014833063976168386	0.000696623503369815	0.0019868582090549684	0.001088698006017375	0.0	0.0	0.0023341613589560354	0.0	0.0	0.0
A[C>G]G	0.0	0.002337638955987502	0.0006974349913278622	0.0014188839182946126	0.0005787214480519191	6.249368760302175e-05	0.0	0.0	0.0019024647329312552	0.0007841978898979281	0.0006520424574050004	0.0	0.0	0.005381862763704383	0.0	0.0027900256586579236	0.0	0.0032799578981875656	0.0	0.0	0.00048659334657374774	0.0	0.0	0.0	0.0	0.01119847225164729	0.014315287746987738	3.209768265257617e-05	0.0014107507759387496	0.0	0.0016193815712710335	0.0	0.0010975038719818887	0.0	0.0	0.0	0.0	0.0	0.008589864427012915	0.0014066493609580805	0.0	0.0	0.0	0.0	0.0	0.0	0.0	0.00021800550909696615
A[C>G]T	0.0	0.009575994913225336	0.0	0.018119223849348734	0.0	0.001015413399027284	0.004013108051952718	0.0	0.0010960491899879073	0.0	0.00018177730895705503	0.0003442642580104346	0.0	0.0	0.0	0.010229769850048897	0.008952606734098955	0.004968796129222933	0.00652908879920126	0.0	0.002174069569326386	0.005740209040133338	0.0	0.012567423777987708	0.0	0.014267570008731417	0.05522498745759819	0.0	0.004733575283750411	0.0	0.003560657026248279	0.0	0.0	0.0002745853061343994	0.0	0.0	0.0	0.00023426885288738007	0.021183715620321474	0.0025466949341921437	0.0031278533690723693	0.005028539443658443	0.0021800628848661417	0.0	0.01081221507210513	0.0	0.001809095361079456	0.0
A[C>T]A	0.0	0.019064195663631323	0.0	0.07047246008796584	0.0	0.003930848580179231	0.004598091378633543	0.0	0.004919659947008094	0.030799489302413614	0.004848926742330799	0.0	0.0	0.03626981077598956	0.005694714498870181	0.0	0.0	0.008024189730407024	0.008020824344105048	0.0	0.002511389088315767	0.02959641919724573	0.0	0.01119911368632868	0.01150891971613604	0.0	0.013340477820124116	0.014908064039434463	0.03559546240978047	0.0	0.0	0.0	0.008568116537440057	0.0	0.0	0.0	0.0	0.0	0.0	0.005155951854351496	0.023642244758552033	0.0	0.03559336766472198	0.4070169679735645	0.03009981077496973	0.0	0.0	0.0
A[C>T]C	0.0013341283001056504	0.0014865487918803721	0.0003193219087369641	0.0010104531007008202	0.0	0.0	0.0	0.0	0.003914365772880336	1.1101556347677401e-05	0.0	0.4580865863855683	0.0	0.0	0.0	0.0010194144148779416	0.0383587564318378	0.00023097806963562353	0.0	0.0	0.028027769353504012	0.0	0.07485348324396773	0.0	0.0	0.0	0.0	6.90327640393264e-07	0.022739607504626082	0.0	0.04252758404612874	0.0	0.0	0.0	0.0	0.0	0.0	0.0	0.0	0.03169499853390717	0.0	0.0	0.13693193034315246	0.0	0.0	0.03269661676181439	0.058034798471524734	0.028920052063188612
A[C>T]G	0.0	0.0	0.0	0.04181608204615593	0.0013859895173025298	0.0	0.0	0.06245011194571186	0.0	0.034375603847710795	0.0	0.0	0.0	0.006209976153272486	0.4125490827171808	0.0	0.0	0.0	0.01016400636330999	0.0	0.0	0.04998309769426486	0.0	0.004558584761017332	0.012170939691909476	0.0	0.01641655512488298	0.0	0.0	0.016795935859794938	0.0	0.0068299173413113225	0.011403247248142026	0.012011864366310342	0.0	0.0	0.0	0.00029790742698124017	0.0	0.0	0.016494839953874716	0.0	0.0	0.08808129948235165	0.004666525706982218	0.0	0.0	0.0
A[C>T]T	0.0001499653591231719	0.0	0.02567151727885117	0.0	0.007431550280789045	0.0	0.0	0.0	0.032049415848397704	0.0	0.013374108722466988	0.0	0.004363232275065276	0.0	0.01890423550651714	0.0	0.0	0.007345339798637796	0.0	0.001747303156461946	0.0	0.0	0.0	0.005290274532497685	0.0035899122946425476	0.03138615361328366	0.026058254754639767	0.0	0.03661873562470607	0.00186979013064738	0.005557017532079714	0.0	0.0	0.01645683746887105	0.07955021221428171	0.0	0.0	0.0	0.0	0.0	0.0	0.0	0.42015159061805085	0.0	0.0	0.0015577264134364439	0.0	0.024485627230975294
A[T>A]A	0.001571977817315825	0.006977732496117339	0.003790846631672139	0.01937053956628048	0.0	0.001137550864722723	0.0	0.0	0.01107653364156396	0.1828649714681566	0.014552915454559789	0.0006895731491348547	0.00982923306592853	0.05326860936636804	0.0	0.006586579415809276	0.031333725812648365	0.005284890750525455	0.0	0.00271750958184302	0.009067203237228568	0.0	0.0	0.0	0.0023061587072818806	0.009044508909018372	0.0	0.0	0.010477648171302837	0.0	0.011916016946365049	0.0	0.0	0.0	0.015690847489136555	0.0	0.0	0.06058690098310318	0.0	0.014772586808690877	0.0	0.005586674336949405	0.0	0.0	0.004724709235918699	0.004040151042087245	0.0011979291916573986	0.0001761879608618413
A[T>A]C	0.0007483977186413223	0.0007513526122199127	0.0	0.0	0.0008687624303517408	0.0005323447855132818	0.0	0.0	0.0005995122707842825	0.04324396906773803	0.002329344291897975	0.0037677550076079093	0.0	0.0	0.018898380277215247	0.0	0.01411697683818644	0.0041511753775142655	0.0	0.004577093070193278	0.0011804655934311928	0.0	0.0	0.004740607909075608	0.003737941714670863	0.0	0.013917737323933543	0.0	0.0	0.0003364498057475441	0.0	0.006606955765675887	0.0	0.0	0.013499723422732044	0.0	0.019373177295257983	0.011467391444401101	0.010712113811052342	0.005385980963645578	0.00890885266305645	0.0051351132306029735	0.0	0.0	0.014825772609446121	0.0	0.0	0.0
A[T>A]G	0.00023791377574940715	0.008354925646667307	0.0	0.0075134950351030145	0.0	0.0	0.0001256835615145995	0.0	0.005865043459302842	0.04998629963395124	0.004539151412032618	0.004526047135728597	0.0007313569884056899	0.0	0.0009430224241714552	0.009356431208162094	0.0	0.0077810344939898725	0.0011718570468032112	0.0	0.0	0.0	0.0	0.009050344850453338	0.0	0.005526669180452857	0.00896078711751583	0.010923030441933263	0.004856467755472914	0.0	0.006114769100277272	0.0011006061241805017	0.0	0.011607475843974757	0.008846474238553182	0.0	0.0	0.07902139713316876	0.015015387282754516	0.0026336609516692967	0.0	0.0	0.0007023694440795186	0.0	0.025469660121236307	8.989813890709951e-05	0.002836742725854982	0.0007289324490833426
A[T>A]T	0.00046514046733890576	0.0	0.005405210466350166	0.0	0.0	0.0	0.0067747082509035115	0.0	0.05794709962483266	0.05022187175357956	0.006905982428637877	0.0	0.0	0.0	0.005223640357957036	0.0	0.05755856650991404	0.0014657241951232896	0.0	0.0	0.09994310615096041	0.04032192832022088	0.023086290902227337	0.0029826692567396407	0.0	0.0	0.00012932973955707576	0.0010797880349534422	0.01108814126942682	0.0020683573869600944	0.004878432832017891	0.0	0.0017589577787301503	0.0	0.36265097122387624	0.0	0.04803361802933009	0.008941409341091701	0.0	0.0	0.008960905925106722	0.0	0.0	0.0	0.0	0.0	0.0	0.01462511983529873
A[T>C]A	0.0	0.006274188065659588	0.0	0.19770272226835375	0.0	0.0	0.0	0.0	0.004770486644771654	0.01349207435748357	0.001132712858248984	0.0	0.0008126617663170609	0.058282928224259234	0.0021627102928135564	0.045624786749351186	0.03813563954702003	0.006512395938104063	0.0	0.004049722635278449	0.0016299309116225066	0.01823138606159101	0.0	0.0	0.10526994138772462	0.0	0.0	0.02249456001423699	0.019474989249051146	0.003763106818891022	0.00397672841020269	0.0	0.0	0.006486328767640001	0.0	0.0	0.0	0.029263583995590675	0.025385766015454985	0.0	0.01993230202379426	0.0	0.0	0.0	0.19540015582635398	0.002430684653398857	0.0	0.0
A[T>C]C	7.335488613257818e-05	0.003340109979875529	0.0009236736452964551	0.010984330456664183	0.0004103173561118621	0.0006151634758643421	0.0	0.0033407682361974366	0.0032074182362052516	0.0	0.004798740867366888	0.005026961655106478	0.0005819408258405022	0.0	0.0030750145500842425	0.0	0.0	0.0	0.0	0.0	0.0	0.0078024120009776024	9.4564362386766e-05	0.0	0.03194883462894094	0.001037345082890728	0.0037971205520439632	0.0	0.006060924379350184	0.002675766183075141	0.0	0.1490320198875038	0.0038851832072972735	0.0	0.006692695095064135	0.0	0.004341221649779457	0.0	0.06525124856918472	0.0	0.0	0.0	0.0	0.00998023474191321	0.02581467102726725	0.0	0.0	0.0
A[T>C]G	0.00024666337834441243	0.002801442376081503	0.0	0.031755024361013254	0.0	0.000138833646934389	0.0	0.0036655736413751085	0.001152969013267708	0.0	0.0	0.0	0.003079669006962906	0.0	0.0	0.010625681295481486	0.01954794232961465	0.007528238852918313	0.0	0.0	0.008332615073661205	0.0469094286029127	0.0	0.007134314877986807	0.05052662033073473	0.18200137074270165	0.0004395736107523273	0.0	0.0	0.0037211774805334824	0.004378680896235936	0.0	0.002997635640402714	0.0	0.005850665595302668	0.0	0.0	0.007029795880961531	0.013668019287238839	0.0	0.0	0.0037690843408394823	0.0	0.0125390028631771	0.1302412355967469	0.0	0.0	0.0
A[T>C]T	0.0	0.011364775444981044	0.0	0.0	0.0017478085870744238	0.0	0.0005447258625828614	0.0	0.033322854382895346	0.04502209787680473	0.0	0.0	0.0	0.015739582523611555	0.00772435746723553	0.0	0.006491728586005463	0.0	0.00027762821011128	0.008076469745617319	0.008527235141726368	0.0	0.10522513506593194	0.005652235232909829	0.04729750111682578	0.002737151103021713	0.0228623476369034	0.015323305151024955	0.0125381322897028	0.00506513617207623	0.0	0.0	0.0	0.0021448752232428804	0.020402689995310256	6.145133016604714e-05	0.010030447352098374	0.0	0.07292437790618	0.0	0.0	0.010434895399503825	0.0	0.0	0.14294570158825562	0.0	0.0054140755122115145	0.0016205494892405602
A[T>G]A	0.00010772872314175676	0.0	0.0	0.019134760935482026	0.0	0.0	0.0035160452141170034	0.0	0.008831530304130248	0.018737629030182973	0.0	0.0033228070240370906	0.005173949881607003	0.04526853019386967	0.0	0.0	0.0	0.0	0.0	0.0008973764921465534	0.004793006769226012	0.0	0.0	0.0	0.0	0.0	0.008326856060338832	0.00382038690493241	0.0	0.002887851522608709	0.0017325831355743356	0.0	0.0	0.001828712893417122	0.009479861439226878	0.0	0.008771553357543298	0.003227860011232034	0.04100623920145796	0.00730447185917789	0.0	0.004084119649285983	0.0	0.0	0.003385186932658248	0.0024477577121321927	0.0	0.0003512669926886003
A[T>G]C	0.0	0.0	0.0	0.0017758667822127775	0.0	1.2947917493002235e-05	0.00568907529037222	0.0	0.00208989832055631	0.0005677382014703982	0.00012610978203612467	0.009166840637565532	0.0035032345226283916	9.824714905348337e-05	0.0	0.0	0.0	0.00016390541349987496	0.0	0.0	0.0	0.0	0.00023374788129299122	0.0006091039901437969	0.002135879301844207	0.0021521487521758906	0.005129637684764031	0.0012796518153628943	0.00016182508915513585	0.00043054376428689075	0.00032024995060742203	0.0	0.008889326678745521	0.009942434372824537	0.011636398460624753	0.0	0.0	0.0	0.012171570279189003	0.0038243777550006183	3.348388999767844e-05	0.0	0.0	0.0	0.010932267592299087	0.0	0.0005030315099881397	0.0008942112112045742
A[T>G]G	0.00030337771449920515	0.0031736239923549135	0.00019209530401884478	0.0	0.0	0.0	0.0007037618211070517	0.0	0.005566616054569489	0.0	0.004491481397943528	0.0025307431984125284	0.0016590307742047582	0.003786120132655797	0.0	0.0	0.0	0.0	0.0	0.003758799674763461	0.0	0.0002251975425660112	0.0005713806247856424	0.0	0.00020232664771972512	0.0	0.013270576222301485	0.11995486638998819	0.0010468999318985093	0.0	0.0014640489913744414	0.0	0.01405453798407496	0.0	0.013197141432615484	0.002893106421991229	0.0	0.0	0.026293028612748338	0.01450019074019992	0.0	0.0	0.0	0.0	0.014457395360871636	0.0	0.0	0.0
A[T>G]T	0.0	0.0	0.002217117256128676	0.0	0.0	0.0	0.05093094491592655	0.0	0.0035759138786198275	0.013191693971198485	0.0	0.0	0.0	0.0	0.0	0.0029431411949796976	0.00781599718315385	0.0	0.0	0.03916828407219845	0.0	0.0	0.035940665818133904	0.0030801878597668093	0.0	0.009819908937895512	0.003743344480160191	0.0	0.0	0.016977446581979153	0.0031296398957166944	0.0	0.0	0.1181084382989831	0.0	0.0	0.0013600429560283074	0.0	0.001268582301954335	0.006281715588919674	0.0	0.0	0.0025973378425437387	0.0	0.009110263208061912	0.0	6.304143497846576e-05	0.0011979708735818258
C[C>A]A	0.0	0.06695875537075069	0.0	0.013393271226122378	0.0	0.0008399342748508069	0.0008902899589495951	0.0	0.003406029442567732	0.0	0.00038615057303979404	0.0	0.0	0.0	0.0	0.031109661839039973	0.015092839669827263	0.05046900409996035	0.0011061409246139432	0.0	0.010344259746530218	0.024062369420823716	0.0	0.014150876208217394	0.0	0.0	0.006531087833112207	0.014889332228079291	0.4032261890833951	0.0006641088722656501	0.004355779503303645	0.00824865135052846	0.0	0.022471305040720382	0.020243096493638653	0.0	0.02958627973675064	0.0012740571667090054	0.0	0.0	0.0	0.0	0.01463656934670929	0.0	0.0007865602388086846	8.154550302608883e-05	0.001487337002250394	0.0010076033329981797
C[C>A]C	0.0	0.03924379467354973	0.0	0.0	0.00035821372183220926	0.0	0.0010029955249437831	0.011688282918554298	0.0009945348501772479	0.007816171947072409	0.0	0.002540785194752865	0.0	0.007477987871463465	0.0	0.0	8.141954932910986e-05	0.09929203981588576	0.0033440519453216528	0.0	0.0059326651424541745	0.06699591706436049	0.01607532465175432	0.0	0.0035063472388158464	0.0038755239296540673	0.023004214880855786	0.001095727348926366	0.04070904815603817	0.0	0.00315409170975444	0.0006608390813739646	0.0	0.00795223416380287	0.00396093309029339	0.0	0.0	0.001019162077167475	0.0	0.0	0.030326098415708744	0.0003826603935309284	0.0	0.0	0.0	0.0	0.002775191144913835	0.0
C[C>A]G	1.0961081446168319e-05	0.0013960443805346718	0.0	0.004136358789309942	0.0	0.0006547261047642503	0.00014083338220260375	0.0	0.00010936808299189779	0.0	0.00022466610627199272	0.0	0.0	0.0	0.0	0.0	0.0	0.028999645077363287	0.0	0.0	0.00584211486117145	0.010542190361727783	0.0	0.0	0.0	0.015176177452843694	0.0	0.0	0.051486710420543466	0.0	0.0013483548478691173	0.0	0.002590680809769261	0.0	0.0	0.0032559206120948174	0.0	0.0	0.00162922530443903	0.0004989879795240172	0.004001941825973749	0.0	0.0	0.0	0.0	0.0	0.0	0.00013260639192362646
C[C>A]T	0.0	0.054391538362342166	0.008092587749969413	0.0	0.0025686036074738278	0.0	0.0	0.0	0.0	0.0	0.0	0.0	0.029610551880709452	0.0	0.0	0.0	0.0	0.0624339014299604	0.0	0.006066733314192119	0.0	0.30311221293934065	0.0	0.0	0.0	0.0	0.0	0.0	0.1269619133540145	0.03018638755634791	0.0	0.0	0.0	0.0	0.0	0.013652490196716924	0.03329290612308808	0.0009385737864503419	0.0	0.0	0.0	0.0	0.0	0.0	0.0	7.955244680718896e-05	0.0	0.0
C[C>G]A	6.487584694179661e-05	0.012832101900196237	0.0	0.0	0.0	0.008521777696429828	0.0020648732224617136	0.0	0.003262168350601273	0.0032121230589045387	0.0	0.0	0.0	0.009345924430069687	0.0	0.02173469496137416	0.00040950203039079146	0.010778373713455608	0.0	0.0	0.0	0.0	0.0	0.0	0.0	0.00970884302714025	0.035287266971029935	0.0034375184828133107	0.00327114266919352	0.0	0.0032286042471426856	0.0012144429040488757	0.00021935353894367467	0.0	0.0	0.0	0.0003097422819303432	0.0005030937072015817	0.003911455970748089	0.0	0.0	0.0007565526869361268	0.0010241666907701704	0.00046477826254170073	0.003870602400303894	0.0	0.0	0.0
C[C>G]C	0.0	0.0	0.0012397200919107756	0.0	0.00011604823179304775	0.0	0.0	0.0	0.0	0.0023072018023012025	0.0002198729159899602	0.0016229403147747258	0.0009018794599437552	0.0	0.0	0.03705175468674915	0.0	0.01214178410307993	0.0	0.0005203391007335774	0.0	0.0	0.020490548607119876	0.0030068978497024878	0.0	0.008176473734404095	0.029824095882308967	0.006086710672224599	0.0012908800195433336	0.0	0.0	0.0	0.0	0.0	0.0028352973302873796	0.0	0.0	0.0005752226894716282	0.008974181744559035	0.0011332378804941499	0.0	0.004239201835447299	0.0	0.0	0.005731618296805418	0.0	0.0	0.0
C[C>G]G	0.0	0.0	0.0014284940097427628	0.0	0.0	0.0009615020286494954	0.0	0.0	0.002451891769986846	0.006782785548692766	0.005106721585308042	0.0	0.0	0.0046305428943918805	0.0	0.003287924531762456	0.0	0.006177784374107779	0.0	0.0	0.0	0.0	8.838485877225163e-05	0.0	0.0	0.008407452641198094	0.01251945517207045	0.0023380843132586424	0.001282692801940687	0.0	0.0007871020452005308	0.0	0.0016114801956093815	0.0	0.0	0.0	0.0007856071345802828	0.0	0.006643250927080781	0.0020609941230409594	0.0	0.0	0.0	0.0	0.0	0.0	0.0	0.0006221468236075967
C[C>G]T	0.0	0.012400748484773624	0.0	0.0	4.42800514943e-05	0.007206699323185926	0.0	0.0	0.0	0.0014023041889033101	0.0	0.0036775495248785256	0.00493935023721728	0.0007839533069398973	0.0	0.06178004915026107	0.0	0.0021081739784073045	0.0007728262328065881	0.0032655067284482766	0.0	0.0	0.0001517843985891503	0.0	0.0	0.006595552070907188	0.04878040865581289	0.008300240858936436	0.0041287092604560035	0.0	0.0010061281274522495	0.0	0.0038553093323744647	0.0	0.0	0.00023041626986672865	0.0	0.00021619607659581152	0.009955451556761225	0.0	0.0	0.010760538695697878	0.0	0.0027828544021703152	0.01252173339163118	0.0	0.0	0.0002720791712472032
C[C>T]A	0.040904428470690174	0.03285735927742732	0.06120917981824632	0.018517870976335307	0.013152995594070778	0.006808110171829006	0.0038950784165230692	0.0	0.0	0.0	0.0	0.0	0.0	0.0	0.006582519068356623	0.04872731688640904	0.0	0.0	0.0	0.0047051173356224794	0.0	0.0	0.0	0.0	0.003739913839917599	0.014057296042583317	0.002972629756340694	0.0060201007938966555	0.0032924218806579192	0.0	0.0	0.0	0.0	0.0	0.0	0.030562814731364126	0.017825311809679133	0.002743345563970325	0.03706558353700425	0.027992232246209763	0.0	0.05536542654828349	0.011668797826880387	0.05351683126359422	0.008295932411738025	0.003266077293340976	0.3599912983827249	0.071450915443391
C[C>T]C	0.04837268203506855	0.0	0.466331265279309	0.0	0.0	0.0	0.0	0.0	0.0	0.0	0.0015597037403050499	0.0	0.0	0.0	0.0	0.0	0.0	0.0036017676009600513	0.0	0.0	0.0	0.0	0.06343192179759663	0.0	0.0	0.0	0.0	0.0	0.00037279194531945566	0.0	0.014823231425158725	0.0	0.0	0.0	0.05850539343704064	0.0	0.0	0.00301601903119671	0.0	0.0	0.0	0.49176003634995563	0.0	0.0	0.0	0.0	0.0	0.1580791692697469
C[C>T]G	0.0	0.0	0.0024649705407299733	0.0	0.0	0.0	0.0	0.1870992577111364	0.0	0.0	0.0	0.0	0.006384546107906282	0.0	0.17968970818932037	0.0	0.0	0.002324296621936137	0.0	0.0	0.0	0.0	0.0	0.0	0.0	0.024595532237148686	0.0	0.0	0.0	0.0	0.0944872031692958	0.0	0.0	0.0	0.0	0.23202657522584413	0.008429551369080253	0.0	0.0	0.11884455146092973	0.0	0.0	0.0	0.054947358990412726	0.0	0.0	0.0	0.02506465761646157
C[C>T]T	0.004808745248429292	0.04162128153903108	0.020079115410801675	0.0	0.0	0.0	0.0	0.0	6.802265684740635e-05	0.0026418346926486464	0.0	0.09294216030977688	0.08624290629940658	0.0	0.0	0.0	0.0	5.634129713314384e-06	0.0	0.0	0.0	0.0	0.0	0.0	0.0025171350394014784	0.0	0.0	0.0	0.0	0.0	0.0	0.0	0.0	0.0	0.0	0.613481995063938	0.0	0.0013136775952558542	0.0	0.0	0.0	0.0	5.903679884683259e-05	0.0	0.0	0.3187160145861339	0.2286912005494941	0.04328809108864789
C[T>A]A	0.0	0.010324283229913727	0.0005098258615947852	0.0006421643815885614	0.00014441410850633566	6.586693794687014e-05	0.0	0.0	0.0027665331022212387	0.02221938696454983	0.004392813916184047	0.0	0.004713162172414392	0.039579697247155994	0.0	0.009354110626540804	0.0	0.010270959841552641	0.0	0.004168613447197494	0.0	0.0	0.0	0.0033494090926105735	0.0	0.0	0.00753732732084817	0.0014300549151883626	0.0	0.0	0.0	0.0	0.0	0.0	0.005333127510996368	0.0	0.0	0.1197722870957088	0.0	0.0	0.0	0.00214637827092097	0.0	0.0	0.0	0.0015808702068173402	0.0	0.0
C[T>A]C	0.0	0.0	0.0	0.0	0.0	0.0	0.00044867046372148685	0.008567811642908839	0.0022758726570488936	0.036310043087004654	0.0	0.0	0.006239883162742833	0.0	0.0	0.0	0.0	0.01367868756729299	0.0	0.02999558884805999	0.0024611811275610145	0.0027786784970033744	0.0	0.0	0.0	0.0	0.02867318483019115	0.0	0.0	0.0007012613983685714	0.0	0.0007624796428103412	0.00046975651174989874	0.003017456728609926	0.0	0.03273092739718378	0.003025530729478828	0.052168168658285226	0.0	0.01106313143044392	0.0	0.0	0.0	0.009410708268473173	0.003465014809364601	0.0	0.00027689713914321444	0.00028776290955936993
C[T>A]G	0.0	0.012175558568647873	0.0	0.0002380990096286058	0.0008552611578211918	0.0	0.0	0.0	0.0	0.0	0.0004551433498679932	0.0	0.0064504212330327645	0.0	0.0026862289772911366	0.0	0.0	0.028988340180274557	0.00035312869592336833	0.009137908815999062	0.0	0.0	0.0	0.0	0.0	0.0023274500838196626	0.011631437550614293	0.019394435966563903	0.003678823480231292	0.0007111400005961699	0.0	0.0	0.002538742503802457	0.0	0.0	0.0	0.005932878791416193	0.17914607181695494	9.604168055578616e-05	0.0	0.0	0.0034577908920831444	0.0	0.002370804565190965	0.010397596860227627	0.0	0.0	0.0
C[T>A]T	0.0007683887593587381	0.005264515729972741	0.0	0.0	0.0008149520790234054	0.0	0.00392901338464241	0.0	0.0025323324621426436	0.041831412337680056	0.0	0.002363699881178477	0.02312784396347105	0.0	0.0	0.0	0.0	0.014278961186656797	0.0	0.08416699628880132	0.06344501597503839	0.0	0.009951413002906915	0.004597839411770301	1.0710004460702979e-05	0.0	0.039475866367273314	0.0018818265634669312	0.0	0.0	0.0	0.0	0.001938924906331401	0.0	0.0	0.0	0.005824712577141667	0.05801941485882295	0.00022514549549870072	0.0	0.0	0.006946135384716138	0.00509730764130881	0.0	0.0016969130977614792	0.0	0.0	0.0
C[T>C]A	0.0	0.014964377543760727	0.0	0.03879477378693638	0.0	0.0	0.0004866432295869394	0.0	0.005320468169741569	0.0	0.0	0.0	0.008765816988877894	0.0	0.0	0.02147317666566546	0.045710426354441815	0.0015614434535939576	0.0	0.01672938985511427	0.0004113187651456372	0.024533333604429993	0.0	0.0	0.060725672997834185	0.01804472122249829	0.0	0.0	0.0	0.0	0.0	0.011280385079061275	0.0	0.0	0.02363589296556325	0.0	0.0	0.010076793461439918	0.09409346398811846	0.0009423496196925708	0.013558420312352056	0.004415684539967276	0.010508087549007505	0.0	0.0	0.00015029864101844583	0.0	0.00202574554958046
C[T>C]C	0.0	0.00693836225091282	0.0	0.021440719391528213	0.0	0.001087771245164632	0.0018346868051762517	0.0	0.0	0.0026319090768038853	0.019787046632727262	0.0	0.0	0.0	0.0044459355414150584	0.0005159151815916595	0.007144433202840666	0.0008191125455194512	0.0	0.08065799332786672	0.0	0.0	0.0	0.004414486756527283	0.0	0.006304368506670113	0.0	0.018764059652951363	0.0	0.0	0.0064255705645859746	0.33721660108009077	0.0	0.007311512622422478	0.0	0.0	0.0	0.0016950568301824474	0.0	0.0	0.029575544364024736	0.0	0.0	0.0	0.0	0.0	0.0	0.0
C[T>C]G	0.0	0.0	0.0	0.011618898429230298	0.0	0.0	0.006557241445896058	0.041891365905359815	0.0	0.010535384901977524	0.004265289016816618	0.002099591280600257	0.0	0.0	0.0	0.0	0.017652423789957534	0.005474686916966046	0.0	0.038733301098266996	0.0	0.04502077808712465	0.0	0.0	0.04779422110555249	0.1665901269930302	0.0	0.004288832467791524	0.0	0.0	0.0	0.05263917690160204	0.0	0.03157142111706239	0.0	0.0	0.0	0.0023961535560252972	0.0	0.0	0.0131323516260002	0.0	0.0	0.0028087544365709826	0.0	0.0	0.0	0.00011965264111327843
C[T>C]T	0.0	0.0	0.007121830302092298	0.020413536498148203	0.0	0.0002969710230709582	0.0	0.0	0.050911636281308015	0.0	0.011617818351783675	0.0	0.008718806333908322	0.0	0.0	0.0	0.02507724131132204	0.0	0.0006098000129965416	0.3301768876942289	0.03424186987746311	0.014878914747506782	0.06873232505547333	0.0	0.01691372650099551	0.07477751128127384	0.0	0.008329963365044237	0.016834938016894688	0.0030055405009011935	0.006093742460329643	0.0	0.0	0.0	0.06076194431988145	0.0	0.0	0.0	0.0033683218792321334	0.008207241146535578	0.0	0.004106981853214035	0.0	0.0	0.0	0.0014075331261992991	0.004625754020074949	0.0076481310175544005
C[T>G]A	0.0	0.0003349341377082123	0.0	0.0014775097921840745	0.0	0.0	0.0036581414169614876	0.0012505662977502143	0.0039970749729538015	0.006316036724583054	0.0004971315184746203	0.0	0.0	0.021780101071502134	0.0	0.0	0.0	0.00028149240956406094	0.0	0.0	0.0	0.0	0.0	0.0	0.002067972481785681	0.000574665373090649	0.01038312808023471	0.004900806910301593	0.0	0.004356442461009891	0.0020661871944872047	0.0	0.0	0.009889137391718705	0.0010578388628670046	0.0	0.015269866461691923	0.00474399768943307	0.006617167947461566	0.0	0.0	0.0030950408424795495	0.0	0.0	0.006850801681951125	0.0	0.0	0.0004847962281261266
C[T>G]C	0.0	0.00011718142565493994	0.0	0.0	0.0013434609517347688	0.0	0.03490328622676441	0.008902934842128117	0.0	0.009623294253803665	0.00016205055558664774	0.005460813677435202	0.005705107198833663	0.0	0.0	0.0	0.0	0.00020009347790249352	0.0	0.0	0.0	0.00023930966136298962	0.0	0.0002480200114814275	0.007498422285356217	0.014298496727657976	0.012528369790653263	0.0008152469131074375	0.0	0.0	0.0	0.0	0.0014300062053563087	0.017682526949747604	0.012208013212890933	0.0	0.0	0.0014442924570099987	0.0	0.0	0.0	0.0	0.0	0.0	0.005800080089623395	0.0	0.0	0.0008030949520662368
C[T>G]G	0.0	0.0	0.0	0.0	0.0	0.0	0.01084383652218105	0.0	0.0	0.004562365000642916	0.0	0.0	0.007735945332320121	0.0019276026023951072	0.00444779440574184	0.0	0.0	0.0037156492464340187	0.0	0.0	0.004076254954885645	0.006040030493162048	0.0	0.0	0.005916304799443242	0.01199386805855331	0.014218502355822931	0.10565081280292293	0.0	0.0	0.0036192706638304116	0.02694232680663803	0.0	0.04298615877529145	0.0	0.0	0.013207562336414257	0.004102836825570514	0.0	0.0	0.0	0.014391821491785767	0.0	0.0	0.003258304059512343	0.0	0.0	0.0002591850282154449
C[T>G]T	0.0	0.0	2.258139614056826e-05	0.0	0.00012049448785329836	0.0	0.5620666972531324	0.0	0.0	0.0	0.0	0.0	0.0016558898394784798	0.0	0.0	0.0	0.02376553934150483	0.0	0.0	0.12935501715267397	0.0	0.004700521927617764	0.005512520729401384	0.008347522513186843	0.0	0.0	0.0	0.016179397676256216	0.0	0.026164781774135726	0.0011151275924780703	0.0	0.0	0.0	0.0	0.0	0.004398793665769765	0.0018422391991369576	0.0	0.0	0.0	0.005461712296131628	0.0012604969910357746	0.0	0.0	0.0	0.0	0.0
G[C>A]A	0.0	0.0	0.0	0.0	0.0	0.000567598316671749	0.007229088680538502	0.0	0.0014554696602199345	0.0	0.004820784804580128	0.0	0.0	0.06351227440210029	0.0024550135619452055	0.0	0.0	0.06623026142936082	0.0	0.004752100093649355	0.0	0.0	0.0	0.20735146165109317	0.0	0.006219710163638956	0.0	0.004806155529605572	0.011104937410592113	0.0009869760391237018	0.0007273575015024599	0.0	0.0	0.0	0.004620714855081204	0.0	0.0	0.0	0.009816954211044972	0.0	0.0	0.005712300928359472	0.0	0.014253224858104126	0.0	0.0	0.0	0.0
G[C>A]C	0.0	0.002324773966123268	0.0	0.01184828445445523	0.0	0.0	0.0	0.0	0.0	0.0	0.0	0.0	0.0	0.0	0.0	0.0	6.582800550347258e-08	0.05553733048388028	0.0	0.0	0.0	0.0	0.017765781933403467	0.08201227966425581	0.0	0.004402017116668025	0.016791688213317158	0.0	0.0	0.0012708233071901818	0.0	0.0	0.0	0.0009563120626403087	0.0	0.0	0.020779252237593842	0.001215421783214378	0.003060380509253543	0.0	0.016231503343727603	0.0	0.0	0.0	0.01675468452240619	0.0	0.0	0.0
G[C>A]G	0.0	0.010119755115005239	0.0	0.0033520777265209434	9.554760810497047e-05	0.0	0.0	0.0003491827204075614	0.0	0.0	3.467438962785797e-05	0.0	0.0	0.0	0.0	0.0	0.0	0.017330379616800676	0.0004847990563476543	0.0	0.0	0.0	0.0	0.021713340200512753	0.0	0.009776727863620781	0.0	0.0	2.692907666358144e-06	0.0	0.0	0.0	0.0	0.0	0.0	0.0	0.0	0.0004508376087037117	0.006952385286402246	0.0	0.0014213887185036522	0.0	0.0	0.0	0.0	0.0	0.0	0.0
G[C>A]T	0.0	0.00866621625121472	0.0	0.007338320868788235	0.0	0.0011382642994336818	0.0007590027609486058	0.013206241300037296	0.0	0.0	0.0	0.0	0.0	0.0	0.0	0.0	0.0011873359806097961	0.037560886314576	0.0	0.0	0.0	0.033269179211645766	0.0002780197123116886	0.13935571499956964	0.0	0.0	0.011586831020895336	0.0	0.0027443450845953976	0.014503430056922331	0.00036678926559825076	0.001819884168707773	0.0	0.017446666571766464	0.0	0.0	0.004347804456841153	0.0011174535844358086	0.0	0.0	0.0	0.0	0.0	0.0	0.0	0.0	0.0	0.0
G[C>G]A	0.0	0.01903657044335216	0.0001338975883908132	0.00475291684140982	0.00020527857521105344	0.0024144644334341504	0.0	0.0	0.0	0.0	0.009430476843660673	0.0	0.0	0.004799057475654591	0.0	0.0	0.0	0.004948321974636074	0.0	0.00013463319016858728	0.00017767188033928534	0.0	0.0	0.008621703718436414	0.002207251145108845	0.009586915539674987	0.018384178011324595	0.0	0.00495973593960219	0.0	0.0005532226906784842	0.0	0.0008412992720299622	0.0	0.0	0.0	0.0006235349828723229	0.0	0.01693516608752761	0.0	0.0	0.0	0.0	0.0005261999357387586	0.0	0.0	0.0	0.0
G[C>G]C	0.0	0.0021011001687482665	0.0	0.0021237434832513066	0.0	0.0003288150229458318	0.0012815735024436648	3.3351356045736845e-05	0.0	0.0036227617682316206	0.00649805223632158	0.0027419090784180414	0.0004754557934430168	0.0	2.461758571853837e-05	0.0044061131662668975	0.0	0.009959015851609056	0.0011196387940926435	0.0	0.0	0.0	0.016751314664166326	0.009350966225721584	5.0490983005207445e-05	0.008107142892179535	0.020625698033597126	0.00011130194681790019	0.0027558288854680024	4.1680030841087375e-05	0.002726079509315991	0.0	0.0	0.0	0.0	0.0	0.0	0.00020411905111122306	0.015105563990422788	0.0	0.004271789018326645	0.008062222176175436	0.0	0.0	7.990061051488964e-05	0.0	0.0	0.0
G[C>G]G	0.0	0.0	0.0007422353749956879	0.00737512430789567	0.0	0.0	0.0	0.0	0.0	0.0025131066306650807	0.016826965379833265	0.001166817004550753	0.0	0.007381026670829906	0.0	0.0034709206745675426	0.0	0.00642248457194784	0.0	0.0	0.0	0.0	0.0	0.0	0.0	0.006464261685190496	0.004071077636913272	0.005024677016690471	0.001832598065871071	0.0	0.0	0.0	0.0	0.0	0.0	0.0	0.0	0.0	0.003898453636927567	0.0005438652380535566	0.0	0.0	0.0	0.0	0.0	0.0	0.0	0.0
G[C>G]T	7.766299434549765e-05	0.017491109344850424	0.0	0.0024349677841346198	0.0	0.0031779191392600835	0.0	0.0027856801408203983	0.0034920051895714877	0.0	0.006847066711466816	0.001031090197043453	0.0009123891316049926	0.0	0.0	0.001131278726999017	0.0	0.0004781966597738499	0.0022126119008138594	0.0014378412241005153	0.0	0.001467674880417129	0.00024673735895254425	0.0031426235698517433	0.0027931314920767725	0.00975868386518368	0.03650131364264513	0.0	0.0009567271252971674	0.0	0.0012219767230006535	0.0	0.0	0.0019455596493072515	0.0015106400742225723	0.0	0.0	0.0005828632958499993	0.015300255890915234	0.004142006631187333	0.0	0.004992792680528746	0.0	0.0017442157956916065	0.00017132636340902896	0.0	0.0	0.0
G[C>T]A	0.0	0.009921192321416267	0.0	0.0	0.0009889180827431625	0.0	0.00453271569561405	0.0	0.0028132924119738762	0.009339649467761802	0.0	0.0	0.0	0.0	0.018341647883266074	0.006610551153677611	0.0025509374428388906	0.003174762726214902	0.012466055432680328	0.0	0.0017156437306392839	0.007099596103485354	0.0	0.010811552458487125	0.0	0.0	0.009651203727415309	0.007364825338826934	0.021089191530776735	0.0	0.0006956581640610614	0.0	0.0	0.0	0.0	0.0	0.018103598167981932	0.0012664757643851797	0.016670320172019845	0.0	0.22782099258344488	0.0015446730561702853	0.0	0.17350683283787388	0.002935670107948714	0.0	0.0	0.0
G[C>T]C	0.0	0.0	0.010321545077991134	0.0	0.008239912942933445	0.0	0.0	0.059490717160053906	0.0	0.0	0.0	0.331920884929614	0.007075636709650375	0.0	0.0	0.0	0.0	0.0025637728284144106	0.0	0.0	0.0	0.0	0.04968282740027837	0.0	0.0	0.0	0.0	0.0	0.0	0.015946700409430897	0.10297592648396693	0.0	0.0	0.0	0.0	0.0	0.0	0.0009986239752079289	0.0	0.0	0.22220522553455452	0.11304412980178276	0.0	0.03472635836737081	0.0	0.0	0.0	0.03750161784308379
G[C>T]G	0.0	0.0038117101958232095	0.0	0.021914987930520973	0.0005227015735571131	0.009451495576339796	0.00026008917660798694	0.3875410681250002	0.0	0.023238398504381037	0.002867388980793884	0.0	0.0	0.01580270970970622	0.15542308077477832	0.0	0.0	0.0	0.0	0.0	0.0	0.0	0.0	0.004027020705714455	0.008830873144293537	0.0	0.008833049429930826	0.0036923208638400735	0.0	0.03959090160193022	0.0	0.0	0.010870336929906072	0.0	0.0	0.0	0.0	0.0	0.0	0.0	0.10563808744323012	0.0	0.011105734616320966	0.0	0.0	0.0	0.0	0.0
G[C>T]T	0.005349491555171805	0.0	0.0	0.015166172155047076	0.0	0.0002481872737431533	0.00461837095708782	0.013909087844974216	0.008174386251423445	0.0	0.0	0.02300408247234548	0.005443482935537933	0.0	0.0	0.059777779235170206	0.004488375762494436	0.0	0.0	0.0	0.022862869968214388	0.04237757062302015	0.0	0.003194812640433285	0.0	0.0	0.0	0.004791305647355999	0.0	0.0	0.0	0.01029099003544445	0.0800851133283004	0.0	0.0	0.0	0.005794093620801893	0.0	0.0	0.011167031505617828	0.12069763179856186	0.14823716658473618	0.23636789184989948	0.024763862641173907	0.0	0.0	0.0	0.04207056314079362
G[T>A]A	0.0	0.005672826908167144	0.0	0.0	0.0	0.0	0.0	0.0	0.0006981781322214809	0.025285989326401092	0.002022771770161359	0.0018224932097427521	0.0	0.018285721260259714	0.0	0.018752277884491443	0.001564978028962482	0.006872940131804585	0.0	0.000918080478458819	0.0	0.002731074302128354	0.0	0.0	0.0	0.0	0.0027507977751463353	0.0015534151894239573	0.007569830056566313	0.0	0.002893925552213959	0.0	0.0043168623422287205	0.0	0.0	0.0	0.0	0.06306846655937509	0.01091217122017657	0.0	0.0026280418066824836	0.002841790598831442	0.004552684113694186	0.0	0.0	0.0021505754158189076	0.0	0.0
G[T>A]C	0.00016637375711376517	0.0008699249931285217	0.0	0.0010341238915623704	0.0	0.0001599071929581157	0.000547626777479207	0.004177271077739246	0.0	0.003534030186601958	0.0	0.0028959902078618863	0.0	0.00043507457545179546	0.004889151868290119	0.0	0.0017483177887217727	0.004299404640862817	0.0	0.00595287019430622	0.0034873856102641113	0.0	0.0004858502312420175	0.0	0.0035030255803783867	0.001395169410651986	0.012838085731699748	0.0	0.002258339381902511	0.0	0.0	0.00038238556522184546	0.002053096134105422	0.0	0.00023865277678672607	0.007178312684509154	0.012309878971063995	0.010732226127280803	0.008411090530790127	0.0009891663691801403	0.005996888049356091	0.0	0.0	0.0005009402744201269	0.005376789873287076	0.0	0.0	0.0
G[T>A]G	0.00022323498457766443	0.012184745000395045	0.0007869696547572819	0.012831058599382357	0.0	0.0	0.0008353844004326536	0.004349764975202447	0.0	0.01754048085967677	0.0	0.0	0.0	0.0	0.0	0.008353537875425478	0.0020469810542993075	0.010011250435003095	0.0	0.0008095325647265121	0.0014058120442469165	0.0	0.0006302392441978923	0.0011114083353909773	0.0010322135278592632	0.0	0.007332868356872595	0.014424764206952533	0.0035343735659831505	0.0	0.0024147945367209533	0.0	0.006128549750845435	0.0	0.0008114654456152074	0.0	0.0021234085766363093	0.05220370162062975	0.020741321472725567	0.0	0.0014272371764172253	0.006344483226523448	0.0	0.0038350146535138423	0.0025337210674154283	0.0	0.0	0.0
G[T>A]T	0.0	0.0030880745500433244	0.0	0.0	0.0	0.0	0.0	0.0036741403321699025	0.00564054379361009	0.009331346327874433	0.0	0.0	0.0	0.0	0.0015344930142141262	0.0	0.008990868091474842	0.006287946785818722	0.0	0.015531601344057809	0.04701087705591636	0.0018353617353301284	0.014885763923895191	0.0	0.0	0.0	0.02480985818177285	0.006263772487538102	0.0	0.0009966343973784426	0.0018928299136010227	0.0	0.0	0.0016288508121297598	0.0	0.0025542625925429226	0.011881038129563579	0.009734514760043528	0.024757298167187403	0.002427412328784399	0.005970096567078839	0.0	0.006673151069030767	0.0	0.0	0.0	0.0	0.002048726178839592
G[T>C]A	0.0	0.01237711227979247	0.0	0.0020407072781481466	0.0	0.0009866571360954343	0.0036869854710297675	0.0	0.0	0.0029635959483740267	0.0003611301980407004	0.0013103244514110837	0.0	0.0	0.01875561177129236	0.00454163590467987	0.04117761715576642	0.0	0.0	0.0	0.0	0.023479717402285775	0.0	0.0013905108706621795	0.16684041722948717	0.0	0.007978231267076197	0.006639068724343397	0.00577958461981114	0.009779581067670745	0.00029213259745801954	0.0	0.0002812450325977641	0.0	0.0	0.0	0.0	0.0041981733889083	0.008115000366522507	0.0	0.032471186051008016	0.0	0.0	0.0	0.029855377937874815	0.0	0.0	0.00017694655717806864
G[T>C]C	6.13663941708646e-05	0.0	0.0	0.0	0.0010459115861644278	0.0010424340888541658	0.005867331843330341	0.006081934649963456	0.0	0.0	0.0008267423852430101	0.0	0.0	0.0	0.011738115067267432	0.0	0.0	0.0017609189537762427	0.0	0.004167463303071866	0.0	0.0	0.001053223173480436	0.000555075664756018	0.061479429813161415	0.0	0.0033369946108532736	0.0030139539840246233	0.0012414347143087177	0.00868339023583435	0.0	0.09840980441612471	0.00826229750723289	0.009794524105425674	0.0	0.0032687750500952034	0.0	0.0006064143018840213	0.03529576732915774	0.0	0.0	0.0	0.0	0.0	0.009624687090731382	0.0	0.0	0.0
G[T>C]G	0.0	0.0	0.000452105813049629	0.021804246026505436	0.0	0.0006397593427882312	0.004663139655354343	0.018043104651582605	0.0037808009993768304	0.009152579598380364	0.0	0.0	0.0	0.0037113871280921233	0.0022156998146072747	0.0	0.0	0.001576504705319756	0.0	0.002688705601547564	0.0	0.014913595583733405	0.0018419792294319722	0.0015248852330745151	0.09806371114661334	0.09431771255679787	0.005635895817073828	0.0031962963058954643	0.008749288994809624	0.004779272792181694	0.0002661920548315455	0.004899619926568842	0.0069497424773387355	0.007501534041908338	0.0	0.0	0.012123151369830925	0.0010788802593156013	0.0020075353154479724	0.0031190784888262854	0.0	0.005150226153323763	0.004103943824492132	0.0	0.009328982572355508	0.0	0.0	0.0
G[T>C]T	0.0009687635245665819	0.0	0.006008282983039865	0.0	0.0	0.0	0.008400222946202945	0.007118652563118468	0.27916826896456154	0.0	0.0	0.0	0.0030795593914085535	0.0	4.035222705429818e-05	1.2284981523115563e-05	0.017894266657738946	0.00022453756471399125	0.0	0.007438317823692338	0.0	0.00508408461794463	0.06428313224400427	0.0	0.11023756790553742	0.006769649061970046	0.002811229907854429	0.06683383939129384	0.0	0.010550315220913412	0.0	0.0	0.02276687266207233	0.0	0.0	0.01777847209570038	0.004293922597505423	0.0007976437053224443	0.0006404425839157982	0.0	0.0016904343848609263	0.010341101555321903	0.0	0.0	0.030321176157001296	0.0	0.0	0.012145571333373219
G[T>G]A	0.0	0.0	0.0	0.0	0.0	0.0003600428354779438	0.0	0.0	0.0	0.01905613759604299	0.133998457693618	0.0	0.002082511222781311	0.013819497472858565	0.0	0.0	0.0	0.0018352063757356022	0.0	0.0	0.0	0.0	0.0	0.0	0.0	0.0	0.002435680482792728	0.008924641494442503	0.0	0.0	0.0	0.014597088312078491	0.0	0.0	0.0	0.0	0.0	0.0012836688866152207	0.014750386905617729	0.0	0.0	0.0	0.0020669030415792896	0.0	0.0	0.0	0.0	0.0
G[T>G]C	0.0	0.0	0.0	0.0	9.056312884796434e-05	1.314635700483393e-05	0.006323410940158942	0.0	0.0	0.00831433512757999	0.08716216994602702	0.003181525813924087	0.001527257069184296	0.0	0.0	0.0	0.0	0.000800310671497298	0.0004181564151989939	0.0	0.0	0.0	0.0	0.0	0.0020744784732476262	0.0	0.002369151812745682	0.0017192271501375496	0.0	0.0	0.0	0.016114289549675146	0.0007179825427392694	0.010085881180593309	0.0	0.0012931140919562832	0.0	0.0	0.015135448382096095	0.0	0.0	0.0	0.0	0.0	0.0	0.0	0.0	0.00023286574330809486
G[T>G]G	0.0	0.005638117884344597	0.0	0.03499989438495076	0.0	0.0	0.0	0.0	0.00044577448437660286	0.029215349563637916	0.33018095879978426	0.0	0.0	0.0	0.0	0.0	0.0	0.0	0.0	0.0	0.0	0.0	0.0	0.0	0.0	0.0	0.0	0.2027638587615581	0.0	0.0	0.0	0.0	0.0	0.0	0.0	0.0	0.0	0.0	0.0	0.029478874167422214	0.0	0.0	0.0	0.0	0.0	0.0	0.0	0.0
G[T>G]T	0.0	0.0	0.0	0.0	0.0	0.0	0.09306696852407462	0.0012442418353578917	0.02241686289923145	0.0	0.23021382557459952	0.00804671784142989	0.003422446100113452	0.0	0.0	0.0	0.0	0.0	0.0005677753418287821	0.05959394045269616	0.0	0.0005846532965549979	0.013896370160457047	0.0	0.0	0.0	0.0	0.0	0.0	0.0	0.0	0.0	0.0	0.06534153998558494	0.04281399750743527	0.0	0.0	0.0	0.0	0.0	0.0	0.0	0.0	0.0	0.0018924651878738025	0.0	0.0	0.0020981651546340655
T[C>A]A	0.0	0.02438534712188798	0.005015758469309604	0.0	0.0	0.03748847215291835	0.004864001664967613	0.0	0.007547139866417799	0.0	0.01470154395253034	0.0	0.0095387033329653	0.0	0.0	0.0	0.0	0.057880770100866036	0.05192722183407512	0.007226862822195912	0.0	0.0020748329093419307	0.0	0.055963217159575154	0.004707187730565443	0.006854312975563456	0.0	0.003606954852532294	0.02250634679565823	0.05661684988201242	0.0	0.0	0.0	0.0	0.0	0.0	0.3877142342362156	0.0027103333022181564	0.0	0.0	0.0	0.0	0.0	0.000888511929705552	0.0	0.0	0.003663062009274996	0.0013308190861989057
T[C>A]C	0.0	0.016654726456034448	0.0046820009319555244	0.0	0.006827018466865554	0.0	0.004189667174691335	3.8469563615918206e-05	0.005445467082800774	0.020672352708520417	0.0	0.000945047345338723	0.0	0.0	0.0	0.22783149128972222	0.0018606815957840658	0.055527813112341506	0.024542068635043955	0.0	0.02970232972624769	0.0	0.030057828154419222	0.06420693402711976	0.0008756173498003897	0.0	0.0	0.0	0.0	0.0102920031829184	0.0	0.0	0.0	0.0	0.0070356070211640915	0.0	0.020973015901665348	0.0003474307583034727	0.0	0.009387370358893204	0.012560577648572735	0.0	0.0	0.0	0.009614829837131298	0.0	0.0	0.0027476362321426345
T[C>A]G	0.0	0.0010228547473080506	0.000494702929323844	0.00362122587885339	0.0	0.0007626746897181624	0.00038093905294787206	0.0	0.0	0.0	0.0	0.0	0.00035182363708297716	0.0	0.0007762230308905466	0.008071663787651484	0.0	0.012922882965157085	0.007516173158817273	0.0	0.0003523589977506101	0.0	8.183954179182575e-05	0.018423719550572384	0.0	0.00580346759655651	0.0	0.0	0.0023114819128891946	0.005653321488089161	0.0	0.0	0.0005737834872280384	0.0	0.0	0.002824857496509861	0.006088914316316982	7.458130852241555e-05	0.006138269540034184	0.0006333508920109862	0.0	0.0	0.0	0.0006836322033334884	0.0	0.0	0.0	6.02698584520115e-05
T[C>A]T	0.00028689893939142245	0.04363902004071751	0.0	0.0	0.0037541482575332	0.0	0.003577602487414443	0.0	0.00724498280832921	0.01715479432519364	0.0	0.00018616619348006528	0.017464282888630944	0.0	0.0	0.09587934524572048	0.00625273886920274	0.05713737140913697	0.044103798772698086	0.0	0.004847864181774965	0.04560587362493412	0.0	0.016297188739850987	0.0008047127802468932	0.0	0.0	0.0	0.0	0.5568133055158365	0.0	0.0	0.0	0.0	0.0	0.0	0.08072111094391543	0.001967468797579818	0.0	0.0	0.0	0.0	0.0	0.004345007655741588	0.0	0.0	0.0	0.001231706741355146
T[C>G]A	0.0	0.0	0.0	0.0	0.004946950354074805	0.45773767793872083	0.004436908355813481	0.00404014673948613	0.00047819139501645964	0.0	0.0	0.0	0.0	0.0	0.0	0.0	0.0	0.016404031209429164	0.05701554255851626	0.0	0.006210848029535317	0.0	0.0	0.0028203317788656392	0.00039504540716055837	0.0	0.012816729069656736	0.0	0.0	0.0	0.0	0.00248149859491975	0.0	0.0	0.0	0.0	0.010008896895302636	4.577807851927079e-05	0.0	0.005524842599735286	0.00012625873867373074	0.0	0.0	0.0	0.011976189610942533	0.0	0.0	9.944750817936886e-07
T[C>G]C	0.0	0.0	0.0004934045309634325	0.0002341750805790121	0.0	0.07557156412501764	0.0	0.0	0.0	0.0	0.0	0.0	0.0021516570928134947	0.0	0.0	0.13259155194031125	0.0	0.0	0.022261512666930244	0.0	0.0	0.0	0.030026431489003476	0.0	0.0	0.009004662615597608	0.037385315720219636	0.0019264646233866395	0.0021584472668685693	0.0	0.0020261499828344272	0.0	0.0	0.0	0.0	0.0	0.0	0.0007314196927407756	0.01803394481226437	0.0	0.0	0.01609846081445607	0.0	0.0	0.0	0.0003824368044031702	0.0	0.0
T[C>G]G	0.0	0.002869337824257788	0.000995736655223743	0.0	0.0	0.013732736040641002	0.0	0.0	0.0010538413661318811	0.0027144893175563224	0.0014284092670499974	0.0	0.0	0.002178109870754042	0.0	0.0020864113904273986	0.0	0.0024286291119178572	0.005757746008982661	0.0	0.0009783114669002836	0.0	5.37704280033548e-05	0.0	0.0	0.007881692368815713	0.004938169112899568	0.0	0.0018265858438659582	0.0	0.0	0.0	0.0010172087799697343	0.0	0.0	0.0	0.0009013775471506693	0.0	0.008211679991157649	0.0014351763973095265	0.0	0.0	0.0	0.0	0.00030635981993514867	0.0	0.0	0.0002588275851497996
T[C>G]T	0.00022123929401218862	0.0	0.0	0.0034505210426817963	0.0	0.3039732926226687	0.0	0.0	0.0	0.0	0.0	0.0	0.0	0.0	0.0	0.03002286014150445	0.004478407596470822	0.009186228139052462	0.37687210876913924	0.006261808206296347	0.00018483965701106424	0.00033128090349455173	0.0	0.0	0.0	0.0	0.06281443156970226	0.0070248852503322036	0.014146379946401883	7.778557765074449e-06	0.0009843809329737082	0.0033820629578298457	0.0	0.0	0.024065092570000148	0.0	0.00525353881007603	0.0	0.0005438194683625814	0.004204758483229416	0.0	0.005252291934166729	0.0029899878296839257	0.0	0.02550124305227715	0.0012197035776120868	0.0	0.0
T[C>T]A	0.28854752929208594	0.0	0.0	0.0	0.6563998641563328	0.02153322197818228	0.0	0.0	0.0	0.0	0.0	0.0	0.0	0.0	0.00014041074451328787	0.0	0.0	0.013326238112600737	0.20628430791639082	0.002729399453435407	0.0	0.00459969753847165	0.0	0.0043326641742821295	0.012834287334247596	0.0	0.004121371861821631	0.0	0.0	0.0	0.0	0.0	0.0	0.0	0.0	0.017310006120391217	0.029531688166465123	0.0	0.0	0.0	0.0018026134490016555	0.0	0.07685844951276273	0.03577069114565918	0.018346377927327177	0.003731052417637829	0.0	0.1677758641195537
T[C>T]C	0.5397432071567005	0.0	0.22597752628594522	0.0	0.0019323902722151382	0.027608849601849388	0.0	0.0	0.04936863577924772	0.0	0.0	0.0	0.0	0.0	0.0	0.0	0.0	0.003106265788456629	0.02031791687262354	0.0	0.0	0.0	0.09921705262737221	0.0	0.0	0.0	0.0	0.04329063172920573	0.0	0.0	0.6088226899737882	0.0	0.01913585847867064	0.0	0.0	0.0	0.0	0.0	0.0	0.0	0.0	0.0	0.0	0.0	0.0	0.0	0.05718722897190877	0.06284936803819974
T[C>T]G	0.051290103505655625	0.0	0.08866049755870073	0.0	0.030188467511782762	0.0	0.0	0.0	0.09484259194577364	0.0	0.0	0.00970700541185726	0.005086845225712634	0.0	0.09598533896760247	0.0	0.0	0.0	0.01648964786949372	0.0	0.0	0.006296535745147413	0.0	0.0	0.0	0.0	0.0	0.0	0.0	0.0	0.019498724038188555	0.0	0.6729763407552175	0.0	0.0	0.0	0.0	0.0	0.0	0.012211689295940947	0.0	0.0	0.0	0.0	0.0	0.0059557080664450575	0.0	0.16699760947096265
T[C>T]T	0.00915237471739093	0.0	0.0026275057760938216	0.0	0.24445187716960967	0.0	0.0	0.0	0.14856213610897134	0.0	0.0	0.0	0.0018218379467828181	0.0	0.0	0.0	0.0	0.0	0.11264199981428329	0.0	0.0	0.0	0.0	0.0	0.0	0.0	0.0	0.0	0.0	0.0	0.0	0.0	0.023013687267073948	0.0	0.0	0.0	0.0	0.0	0.0	0.6232197205190786	0.0	0.0	0.0	0.0	0.0	0.6139044046146442	0.2602283779983429	0.07359079933008794
T[T>A]A	0.0	0.003644196667116111	0.007415579540343975	0.0	0.0	0.0	0.008356182225340144	0.021041233577709578	0.009716506304237545	0.0	0.006881288682171474	0.0069632770138481626	0.0	0.24132441772542498	0.0	0.0	0.0027875032793013635	0.0012322940247298441	0.0008940171722183096	0.0	0.04940668810990308	0.021842080866510852	0.0	0.03697865386222431	0.012858708744964673	0.0010205764661652135	0.0	0.0	0.007696539368429305	0.0	0.0	0.0025984157849832912	0.0005194550426991035	0.0	0.05115450822596585	0.0	0.021644382636093504	0.07339498346394316	0.0	0.003429520980788173	0.0	0.0	0.0	0.0	0.0	0.0	0.0	0.003830479766525987
T[T>A]C	0.0	0.0029710210451167145	0.008836479391671495	0.0	0.0	0.0011756174891456603	0.0	0.0	0.0007660717518444401	0.022254375533614482	0.0	0.0	0.028916860640669697	0.0076144105117313355	0.0	0.0	0.004973939661748364	0.003352464807231735	0.0	0.0054414005127530855	0.014310113511736645	0.0	0.0	0.006334793200654107	0.0	0.0	0.018260746279283407	0.0	0.0	0.0	0.0	0.0004264336134924755	0.0	0.010001769768339087	0.0	0.0	0.0025862487077566677	0.026534818135000672	0.0	0.0	0.0	0.0	0.0	0.0	0.016178908044096475	0.0	0.0	0.003427001982882491
T[T>A]G	0.00025318016704553895	0.01162306162312528	0.001809337207895946	0.0	0.0	0.000641106492206303	0.0	0.0	0.0009154574141003179	0.0	0.0	0.0	0.02284551690557759	0.05509103042629454	0.0	0.0	0.007378830436160652	0.0037139262289120237	0.0	0.0	0.0031761858823131706	0.0	0.0	0.0014885557485610744	0.0	0.0	0.0	0.010206453117687031	0.0	0.0	0.00040079321073993097	0.0	0.0	0.007191260435344873	0.0	0.0	0.01175300195873116	0.07626957070717144	0.0002242827127062458	3.952437631302846e-05	0.0	0.0	0.0	0.0	0.007573835372201223	0.0	0.0	0.0
T[T>A]T	0.0005446409761486478	0.0	0.0028492281891148133	0.0	0.0	0.0	0.0004309572067913978	0.0	0.042240871948412105	0.0	0.0008985930112390219	0.0	0.2471705143635516	0.0	0.0	0.03368812163693786	0.0	0.005389357318387395	0.0	0.0030881326188163805	0.3911972351666202	0.013528971812853775	0.014244262083291706	0.0	0.0	0.0	0.0	0.013269896568890558	0.0	0.0	0.00413324715702694	0.0	0.0	0.014141629649081148	0.1075443356937039	0.0	0.0	0.005454587887360974	0.0	0.005771468805612361	0.0	0.0	0.0	0.0	0.0	0.0015039282397846137	0.0	0.012084560763795165
T[T>C]A	0.0011362992731210131	0.010801528625335538	0.012830552661919493	0.011140129989142818	0.0	0.0015174828396382132	0.003468751418881386	0.020401635503364823	0.014291430089454939	0.0	0.0	0.0	0.0227027858541014	0.0	0.0	0.015438284892318903	0.25382867101747575	0.0002559968557667739	0.00025515846040059456	0.0	0.06295983427769516	0.0014238537524554713	0.0	0.0003862900358578894	0.031466888220307666	0.0	0.0017259411751927346	0.022330298347509013	0.006770519336244798	0.0	0.005116292596000172	0.0	0.0	0.01866413253793843	0.0027493290576416003	0.0	0.0	0.007308031613829613	0.038287427989630377	0.0	0.0	0.0	0.0	0.0	0.04599468880271008	0.0015438137331214457	0.0	0.012010849253239286
T[T>C]C	0.0	0.0	0.0022318387368768164	0.004368960670491155	0.0	0.0	0.0	0.030064230688556712	0.002760883444784079	0.0	0.01747596489290546	0.0	0.03049821976400308	0.02612266300808524	0.0	0.0	0.057277057450403346	0.0	0.0	0.009262767921164356	0.011333617893053437	0.023769914187953458	0.0	0.006943132338229278	0.014136670086917776	0.0	0.0	0.0	0.0036898716634801544	0.0005979754565522833	0.0	0.204757837805425	0.029898927824687754	0.0	0.0	0.007678126404284185	0.0025690632569454063	0.0013278191604730375	0.04381769580118069	0.0004779662300483183	0.00391838890864712	0.007485693930788197	0.0	0.004797745372569677	0.0	0.0	0.0	0.0031660096424201267
T[T>C]G	3.414913360723659e-07	0.0	0.004047321183771021	0.0	0.0004974394060032369	0.0	0.0011521650183853873	0.0	0.00650457363580683	0.003038420026797255	4.444358117811571e-05	0.0	0.027996130663509783	0.016442196861595818	0.0	0.0	0.10527226577607404	0.0033723101637799092	0.0	0.008668516152340043	0.0	0.0	0.0	0.0	0.0	0.09247249786372724	0.0	0.0017003550824917348	0.0	0.004886729175733273	0.0	0.0	0.0026973015597884543	0.008833960936187834	0.0037377604961897934	0.010531115706757013	0.0	0.0011313171714618004	0.0	0.0023963183705428565	0.04308355032401839	0.0	0.0	0.0	0.026955517585158427	0.0	0.0026128923496728444	0.0019998798643063027
T[T>C]T	0.0006229292266372718	0.0	0.0	0.14307468469420698	0.0	0.0	0.0032877402696460546	0.05469605664874219	0.006584942719717089	0.0	0.0	0.0	0.16428480324313038	0.0	0.0016344236071802111	0.0	0.11045967745671395	0.0	0.0	0.008037172308072334	0.0	0.02254215566124599	0.12793896923307432	0.0	0.041885831443372774	0.0	0.0	0.0	0.0	0.00345860681387707	1.5269804360282918e-05	0.004734486271067602	0.005978703441666745	0.03702212261034967	0.0021229539022383187	0.0	0.009760117468110984	0.0	0.0	0.0	0.0	0.0	0.0	0.029260137081857714	0.0	0.0	0.0	0.005159017665933532
T[T>G]A	0.00018053992017470346	0.0	0.0	0.0	0.0	0.0	0.004579227144242276	0.0	0.007313495148664034	0.0011390654952277517	0.0	0.0002577776550368202	0.019948590630254687	0.02933182337788963	0.0	0.0	0.0	0.0	0.0	0.0	0.0074126431901728705	0.0	0.0	0.0	0.0	0.0	0.015858071793805436	0.011339316277974822	0.0	0.013713567266716692	0.003850532860499226	0.0	0.0	0.014557402567227101	0.006732013504226993	0.0	0.02788978740832681	0.002324036425324169	0.0444194942575535	0.0050994138918957896	0.0	0.004939789095866749	0.0	0.0	0.005288124557465492	0.0	0.004368770253736982	0.0
T[T>G]C	0.0	0.0	0.0	0.0	3.235340392817102e-05	0.0	0.004615221476757036	0.0	0.0007365722996806718	0.009256959595452013	0.0	0.005730239362409937	0.0240996616856728	0.0	0.0	0.0	0.0	0.0	0.0	0.0	0.0	0.0	0.0	0.003379657503457078	0.0	0.0	0.007976408229964534	0.0037853334881662775	0.0	0.0019347928894632236	0.0	0.0	0.0	0.045775966184490105	0.004102435564873113	0.0	0.0	0.00011374469299026352	0.028853925590061284	0.006101173933018024	0.0	0.00545217485498039	0.0	0.0	0.009963631192626436	0.0005753679413991491	0.004233275971167417	0.0
T[T>G]G	0.00033944773491961794	0.0015065741398726865	0.0013719628791223843	0.0	0.00035968705685985816	0.0	0.0	0.005849907674997705	0.0	0.010490065499384759	0.0	0.0	0.01677624194256651	0.01935521044372785	0.0	0.0	0.0	0.0017364117205886345	0.0	0.001046815120895304	0.005011979538908134	0.0	0.0	0.0031043427020911907	0.0	0.004080023726434231	0.014933591267381521	0.07149883306432539	0.006590031294909858	0.0	4.3258501456452905e-05	0.008515294466993369	0.0	0.03090376207539669	0.0	0.0	0.004352139857296797	0.001996632321618277	0.045859345208627174	0.0	0.0	0.006172938345212577	0.0006521761319307065	0.008395891218904236	0.0009003385856174161	0.0	0.0	8.592896448050042e-05
T[T>G]T	0.0006441238254535854	0.0	0.0	0.06735695868306718	0.0	0.0	0.09748115289338821	0.009451683635187337	0.0	0.0	0.0016395777709366755	0.0	0.09249099441074767	0.0	0.0	0.0	0.0	0.0	0.0	0.0342275512108015	0.022072562093897782	0.0012532343220047412	0.033117533163955805	0.0	0.001537058629653179	0.0	0.0	0.02093950638995265	0.0	0.09023761525928445	0.0	0.0	0.032212552476944496	0.37254346344320244	0.0	0.0	0.0	0.0	0.0	0.0	0.011096767086929952	0.0043516745903738096	0.0	0.005670176122955449	0.0	0.00018451017057878797	0.0	0.0
