MutationType	SBS7a	SBS4	SBS2	SBS16	SBS28	SBS39	SBS17b	SBS15	SBS46	SBS7b	SBS52	SBS32	SBS40c	SBS87	SBS1	SBS11	SBS54	SBS22b	SBS7c	SBS3	SBS20	SBS22a	SBS7d	SBS8	SBS13	SBS10a	SBS44	SBS43	SBS86	SBS23	SBS38	SBS21	SBS57	SBS5	SBS17a	SBS10b	SBS29	SBS37	SBS51	SBS84	SBS99	SBS55	SBS34	SBS93	SBS58	SBS31	SBS19	SBS97
A[C>A]A	0.0	0.0111409283971901	0.0	0.0	0.0	0.0	0.004755279554138408	0.0002839682131185161	0.0	0.0	0.01811681663508544	0.0	0.020956628585615974	0.0	0.0	0.0	0.016582432934310005	0.0700027279832965	0.0	0.0	0.0	0.0004138254478954627	0.0	0.1956879735172457	0.0	0.0	0.005539829009788896	0.02695240227611707	0.0032349616091598135	0.0	0.010918395985053017	0.0	0.0	0.0	0.0	0.0	0.06737378243343155	0.018746411754846867	0.12154987007982178	0.0	0.0	0.011957442885105835	0.0	0.0	0.0	0.0	0.0	0.0
A[C>A]C	0.0	0.06163193489075596	0.0007624274273542784	0.02081331978247526	0.0	0.009693188102815145	0.00032168832448132304	0.0	0.0015609396286701085	0.0	0.023847348632211267	0.005101788520489422	0.0	0.0	0.00941735843253965	0.00022769477876359557	0.0018761206328437327	0.06348762286824011	0.0	0.05676831429475896	0.00041522650387668813	0.0	0.0	0.053719305351165786	0.0	0.004324375890975957	0.0032245256375027457	0.005920858839437461	0.0	0.0	0.0	0.0	0.0	0.036108637775754564	0.0	0.0014719926438473729	0.0	0.004167181538278736	0.0	0.0	0.0052270803281728884	0.0	0.0	0.0	0.0	0.0	0.0	0.0
A[C>A]G	0.0	0.021720934313042332	4.386905454654347e-06	0.0038900944086253746	0.0	0.0	0.0	0.0	0.0	0.0	1.3174260305613105e-05	0.0005747334588686056	0.00040799654617358833	0.0	0.0	0.0	0.007774429826009463	0.0	0.000967371453512532	0.0	0.0	0.00015604778484155975	0.00010207724231506911	0.02694307976892897	0.00016474717666052085	0.0	0.0	0.0007388057034369491	0.0	0.0	0.005474488373486349	0.0	0.0	0.0	0.0	0.0	0.002718314662642342	0.011070934032927388	0.0	0.0	0.0	0.0	0.0	0.0	0.0	0.0	6.16679494247353e-05	0.0
A[C>A]T	0.0	0.0023001320906989634	0.0005930909191081966	0.007794064769523909	0.0	0.009194960979850226	0.0008703704336464611	0.0	0.003725448933160421	0.0009333270490477098	0.007582884168773074	0.01659884176193327	0.0	0.0	0.0	0.0005003553938447945	0.0	0.0	0.007533595787348533	0.04286133739992708	0.030453782496922155	0.0005104946335744502	0.0014277817027068059	0.13305997645375256	0.0008213251872580749	0.026280831234556854	0.0	0.0	0.0	0.0	0.0	0.003008482478272966	0.0	0.0	0.0003047099017358859	0.0	0.025996053864423267	0.0	7.125152268415137e-05	0.0	0.0	0.0	0.0	0.010814128306867067	0.0	0.0	3.056166369888845e-05	0.00035084183000985236
C[C>A]A	0.0	0.01911412492306198	0.0	0.004494273296484892	0.0	0.023581336166996755	0.003815298077831534	0.0	0.007423163699302759	0.004040656396055087	0.04507702816526049	0.005640206644527216	0.0044789890291061915	0.0	0.0	0.0	0.0	0.017720677151516213	0.007439151935302309	0.031302847858557	0.05648723648147291	0.0009068399254631271	0.0012971503086689955	0.04739396461214884	0.0	0.0	0.0	0.0008903879539698183	0.0	0.0	0.5052944930922727	0.0	0.007286546251595281	0.0	0.0	0.0	0.013709020945524734	0.0	0.0	0.0	0.0	0.0010231241973889399	0.007618268625725668	0.017183676199242645	0.004888140879310092	0.0	0.0	0.0011826158544152494
C[C>A]C	0.00019038192980610653	0.1429834422440094	0.0	0.0	0.0	0.010996359013338324	0.001098354605351052	0.024745355294741395	0.0	0.0003716620110367785	0.0	0.0	0.002847338528941325	0.0	0.0	0.0	0.005293188495793553	0.0	0.0	0.028178263404678137	0.0971562603646798	0.001521919603758814	0.0016211675264039011	0.015419686500861698	0.0	0.0	0.0022141562410070664	0.0	0.0	0.0017823258553954387	0.030815430167671288	0.009202056584980889	0.0	0.01731919807575417	0.0	0.0	0.0	0.0	0.0	0.0	0.013328762504782689	0.007257178854481489	0.001911998772411195	0.0009288492959408617	0.0	0.0013325514322088392	0.0	0.0
C[C>A]G	0.0	0.03226060054621235	0.0	0.0	0.0	0.0	0.0	0.0	0.0	0.0008651973011012566	0.0	0.0	0.0004616016750368502	0.0022679880105137243	0.0	1.1837220284203292e-05	0.01661372595168822	0.0	0.0014528404512516256	0.0	0.014431292055005606	0.0	0.0	0.0	0.0	0.00037031769284497166	0.001309146268310794	8.862941907243986e-06	0.0	0.0	0.06838235024398735	0.0	0.0	0.0	0.0	0.0	0.0	0.0029357414753276028	0.0	0.0	0.004503896370398065	0.0	0.0	0.0	0.0	0.0006205848656524489	0.00023405795767386387	0.0
C[C>A]T	0.0	0.03188153300038324	0.0	0.0	0.0	0.0	0.0005424866781945406	0.0	0.0003924776818809248	0.0005132861255737476	0.06852303788684042	0.0	0.02743827142359347	0.031718191772218046	0.0	0.0	0.0	0.022027850061201306	0.0	0.0	0.3871333295852324	0.0007783457194186518	0.0	0.0	0.0	0.027727207821578573	0.00020116657296929315	0.0	0.0	0.0	0.06533420976857138	0.0	0.012570857262852862	0.0	0.007146209869731916	0.0	0.0	0.027172085497202094	0.0	0.0	0.0	0.0	0.0	0.0	0.0	0.0	0.00233834473513854	0.0
G[C>A]A	5.469657005523645e-05	0.012879918629614384	0.0	0.0	0.0	0.0	0.007806784696494002	0.0	0.004258861249979705	0.0	0.0	0.0009325975942035372	0.005762537764049523	0.0	0.004722886794503006	0.0	0.0	0.028027531436632586	0.0	0.0	0.005954641409197307	0.0	0.0005073826263095861	0.031061744943748453	0.00043786268302965293	0.00011770450715199597	0.0	0.0016586887495781202	0.006869039323946134	0.0005645613878720832	0.02637404627064285	0.0009034229098456784	0.0	0.0	0.008140712729820745	0.0	0.24239457350623275	0.016224159756865184	0.010706671438382198	0.0	0.0	0.005505443440511872	0.0	0.0	0.0	0.0	0.0	0.0
G[C>A]C	0.0	0.06208118299454665	0.0	0.01715834882688168	4.983319140210236e-05	0.009580674113832701	0.0	0.0	0.0	0.0	0.029442936296946127	0.0	0.0	0.0	0.0	0.0	0.004107557419385369	0.0	0.0	0.021220182781987465	0.0	0.0005901504356069215	0.0	0.0	0.0	0.0	0.0013804648183428818	5.811882396552262e-05	0.0	0.0	0.0	0.0	0.004856884726379771	0.01887517651078893	0.0	0.0	0.09897644238413217	0.0	0.0	0.0	0.012488705517054253	0.0	0.0	0.0	0.0	0.0	0.0	0.0
G[C>A]G	0.0	0.022497953307325857	0.0	0.0014204403770174195	0.0	0.0	0.0003439760662918893	0.0	0.0	0.0	0.0	0.0	0.0	0.0	0.0	0.0	0.008057115477503226	0.0	0.0	0.0	0.0	0.00019035525735576988	0.0	0.006389788935289864	0.0003035513388882325	0.0	0.0015394574370679137	0.0009619746214536031	0.0	0.0	0.0045969275120011695	0.0	0.0	0.0	0.0	0.0	0.023389897139979608	0.009907250692474367	0.0	0.0	0.0	0.0	0.0	0.0	0.0	0.0	0.0	0.0
G[C>A]T	0.0	0.0	0.0	0.002391421968501434	0.008408958774241478	0.0130175428319484	0.0017720830693372474	0.01489348326633391	0.0007197949987419827	0.0004180114159731009	0.0022994478071633353	0.0	0.0	0.0	0.0	0.0	0.0004026649867744902	0.0	0.0	0.01722692269989722	0.031348674653598994	0.0003491859988040454	0.0	0.01981753458297187	0.002173004129414418	0.01903619116018914	0.0	0.0	0.0	0.0	0.0	0.0	0.012010839833027703	0.0	0.0022740290411049214	0.0	0.16475268391956907	0.0	0.0	0.0	0.002048620325741891	0.0	0.0	0.0	0.0	0.0	0.0	0.0
T[C>A]A	0.0	0.030887370371166595	0.0006937239927696876	0.0	0.0	0.0	0.007037359977368219	0.0	0.005225845898395897	0.0007232316293855276	0.4798674843711413	0.0	0.0151604987571932	0.0	0.0	0.0	0.0	0.0	0.0	0.0	0.009665716815376138	0.0	0.01615308375920869	0.055265933729258775	0.03903145343923963	0.034805433468281	0.0022501533584527895	0.011741205570920807	0.07900596299721928	0.004063251237031059	0.02623289126596255	0.0028945413787290213	0.0	0.0	0.004396070039841834	0.0	0.05562842626969806	0.0	0.0	0.0	0.0	0.0	0.014808459402659922	0.0	0.0	0.0	0.0	0.0017438020967004571
T[C>A]C	0.0	0.12199375989804255	0.0009924958049233013	0.0	0.0	0.008607694663106265	0.0	0.0	0.0006460153245227944	0.008241795394540756	0.00393792192691629	0.008933189978402237	0.006464117210378462	0.0	0.001519745729909223	0.00024400135875802362	0.0	0.05973481882898444	0.01026416374794039	0.011351588538981373	0.0	0.0005664222697266877	0.0	0.0	0.0042210866604843605	0.011124939927735505	0.0	0.0	0.08089661407872328	0.0	0.0	0.0	0.0	0.030956818954752857	0.007709064259761926	0.008562796353860681	0.06898784088710225	0.0	0.004771451191773423	0.0	0.004849777445703582	0.0	0.013036528439127715	0.013115698695916757	0.0	0.0	0.0017153152451815127	0.005342632439501061
T[C>A]G	0.0	0.015325629457249091	0.00050987224600358	0.0007088632024206549	0.0	0.0	0.0008214800240436709	0.0	0.0	0.0002873769125332394	0.0	0.0	0.0012432787632418822	0.003940858717648178	0.0	0.0	0.004758763337747794	0.006053408590990516	0.00122678738200937	0.0	0.0	7.118578005306419e-05	0.0	0.0037589740158505435	0.0032815149264224307	0.006429307178285833	0.0	0.0	0.00792025651588496	0.0	0.005322914025272486	0.0	0.0	0.0	3.466825973556609e-05	0.0006042807178530268	0.016264363611245624	0.006936530294290144	0.0	0.0	0.0	0.0	0.0	0.0	0.0	0.0	0.0	0.0
T[C>A]T	0.00026043292148865714	0.05896655206754568	0.008588597680864401	0.0	0.0	0.0	0.0	0.0	0.00110513191836805	0.0	0.0	0.0	0.019816152234398463	0.0	0.0	0.0	0.0	0.0	0.0019569208890679105	0.0	0.06406566765718275	0.002406974441165193	0.0	0.0634989456252478	0.0	0.6734709415861379	0.003845313672267787	0.0	0.08123470568590684	0.0	0.010170666640283068	0.017647114479445183	0.0	0.0	0.0	0.0	0.031139209865396165	0.0	0.0	0.0	0.0	0.0	0.007156460257777207	0.0	0.0	0.0	0.0019501249406485238	4.979534878475632e-05
A[C>G]A	0.0	0.0	0.0016680287055492685	0.0	0.0	0.07400175172183837	0.0	0.0	0.0018265977393710352	0.0	0.0	0.0	0.0010619015813527351	0.0	0.0	0.0	0.012757786191662119	0.012998148491049176	0.0072490443161797435	0.009528752047807537	0.0	0.0	0.0	0.04636762410256033	0.003523459041586281	0.0	0.0127302189994245	0.0	0.0	0.0007894265763822188	0.01620695517130432	0.0	0.010900439259116705	0.0	0.00015592602572082884	0.0	4.722179875636004e-05	0.03860094113727231	0.0	0.0	0.0	0.007981454487833172	0.0	0.0003311485421212889	0.0	0.0	0.0	0.0
A[C>G]C	0.0	0.007559308173204532	0.002103817430049426	0.0024252624277654538	0.00013880587911920098	0.03776314951026596	0.0010058081548047326	0.0	0.00019794481710484093	0.0	0.0	0.0	0.0009185431931301996	0.0	0.0013192757291654673	0.002437408089445553	0.0025698084007603657	0.00936493188006252	0.0	0.009216089805648999	0.0	0.0	0.0	0.00724067497015636	0.0	0.0	0.0006125355826621924	0.0011172418671188341	0.0	0.0	0.008408226110150466	0.0023833731008348234	0.0	0.030627947736895256	0.0	0.0	0.00434070977776933	0.015387683113877526	0.0	0.0	0.001642161957539325	0.0	0.0	0.00293528070596952	0.0	0.0	0.0	0.0
A[C>G]G	0.0	0.00350438841638167	0.0	0.0	0.0	0.02504282947554537	0.0	0.0	0.0	6.887534974210879e-05	0.0	0.0	0.0	0.0	0.0	0.0	0.00554986150804386	0.0017295219016714763	0.0014303669943970042	0.0017527640643053147	0.0	0.0	0.0023195463723073464	0.0038445441634191425	0.0	0.0	0.0	0.0014975653181721834	0.0	0.002958272245931868	0.0038779719584882116	0.0	0.0	0.0	0.0004396576045913212	0.0015525314903425394	0.0	0.01095187162260349	0.001190124528668686	0.0	0.0	0.0016536601050120216	9.821785110763497e-05	0.0	0.0	0.0	0.0	0.00030091588927720804
A[C>G]T	0.0	0.00016138461211460449	0.0	0.013566975326270339	0.0	0.07952514824074056	0.004069963332360118	0.0	0.0	0.00012109089398915326	0.0	0.0	0.001536797592646642	0.0	0.0	0.002975003290937985	0.003562507267324814	0.0	0.00571522672922128	0.02606942364086625	0.005745914380834929	0.0	0.0	0.014540501937288706	0.0	0.0	0.00681891331765204	0.0019688935226031532	0.011972933751368587	0.0003854461392510157	0.007364673097908552	0.0	0.006412744585083682	0.0	0.0	0.0	0.015451817912351892	0.02005842008060803	0.0	0.0	0.0013291057031082937	0.0	0.0	0.01357245172883336	0.0015219326954923236	0.0	0.0	0.0
C[C>G]A	4.237674911612183e-06	0.021414145625799044	0.001969017366591053	0.010533940476745194	0.0	0.06026442125746825	0.0005678408563565353	0.0	0.0005056612160340025	0.0007555893994112911	0.0005349605991624085	0.0	0.0006152508871475283	0.0	0.0	0.0	0.0003313803010303053	0.0017480977282030767	0.0013814521118684397	0.010091241582521579	0.0016719291609679123	0.00020608825039097905	0.006735970993274393	0.012192719071618294	0.004059047308774474	0.0	0.0	0.0	0.0	0.0	0.0031409646060870993	0.0	0.0	0.0	0.0026434886338330037	0.0	0.0	0.0	0.0019836258796278095	0.0	0.0	0.005859512836289778	0.0	0.0025832045035594684	0.0	0.0	0.0	0.0
C[C>G]C	0.0	0.02305136597814977	0.0005309689419624797	0.00685592801345748	0.0	0.04972650202559852	0.0	0.0	0.0	0.00013515189073293437	0.0	0.0	0.003451488972380148	0.0007345315960876605	0.0	0.0063549289750001	0.0	0.004766714004675746	0.0	0.006331392604686018	0.0	0.0005201369634296408	0.0	0.004470648911469936	0.0	0.0	0.0	0.0002506108787485853	0.0	0.00023180682104979484	0.0017386848235963408	0.0	0.0	0.022838332044534424	0.0	0.0	0.0	0.004492063820415747	0.0014224428025917685	0.0	0.0	0.006441822173397975	0.006304597322646929	0.0	0.0	2.1105305121149116e-06	0.0	0.0
C[C>G]G	0.0	0.01196155319314577	0.0	0.0	0.0	0.024290318039236987	0.0	0.0	0.0	0.0007535978441921661	0.0	0.0	0.0005051807933806013	0.003955039103921663	0.0	0.0	0.004009603480521818	0.0017552926331929532	0.0010999376196964027	0.0	0.0	0.00020138219053908213	0.0056861647334714785	0.0	0.0	0.0	0.0	0.007098452083202586	0.00029770585190145964	0.0012463376502964332	0.0022063504751258997	0.0	0.0	0.0	0.0	0.0006314366001344859	0.0	0.0021112298964820865	0.007896456189508577	0.0	0.0	0.0011250619710493012	0.0027592092244824408	0.0	0.0	0.0	0.0	0.000893058140953893
C[C>G]T	0.0	0.01209869806613463	0.0	0.013968688548613155	0.0	0.08874386021892462	0.0010697307866435806	0.0	0.0	0.0	0.003521360009634196	0.006872094732968715	0.007673721537597644	0.0036807263315216453	0.0	0.002544444332968272	0.0	0.0	0.0015492794611053978	0.011293623525283458	0.00031736450272840545	0.0003695663301605255	0.003168101915542682	0.013706530579743938	0.0024289952294108	0.0	0.0003981997882975148	0.0	0.012289525411237751	0.0	0.0	0.00018912063139744017	0.0	0.0001237489801226887	0.0016114810237832192	0.004527450266227928	0.004750956101128217	0.0	0.011059627503933715	0.0	0.0	0.010678437495756093	0.0	0.0	0.0	0.0	0.00039801133727809953	0.0
G[C>G]A	0.0	0.0052487153760889275	0.0	0.0038368164481168855	0.0	0.032104359615004074	0.0	0.0	0.007212747178333491	0.0	0.0	0.0	0.00026941161920418516	0.0	0.0	0.0	0.002982726465585837	0.0	0.0014348741532032535	0.0024944217619615214	0.0	0.00014069777913004473	0.0	0.018956026471113663	0.0010113321917458492	0.0	0.0024085742001098663	0.004741130015891736	0.0	0.0	0.006353747554488788	0.0034410030057087627	0.0	0.0	6.227726667670391e-05	0.0	0.008941383150378769	0.017238687954191374	0.0	0.0	0.0	0.00018357968104143246	0.0	0.0	0.0	0.0	0.0	0.0
G[C>G]C	0.0	0.016874993334215466	0.0	0.004165731770442919	0.0	0.03319386433810492	0.0013079880402725153	0.00584447431078406	0.0	0.0	0.0	0.0	0.0012177544553190938	0.005170167380443023	0.0	0.006426033501447297	0.00162570902379883	0.0	0.0	0.007835872329600644	0.0022048752015580327	0.00018543515901819934	0.0	0.001254440641113374	0.0	0.00031983399433185643	0.0	0.00941148874992186	0.0006791328824901773	0.0	0.0025066910308968984	0.00022559016046053588	0.0	0.01884911466716634	0.0	0.0	0.0027289468454714983	0.009611071006324422	0.0047678159337555615	0.0	0.0	0.003228872401140156	0.0	0.0	0.0	0.0	0.0	0.0
G[C>G]G	1.762354560460294e-05	0.005921699782027616	0.0	0.0	0.0	0.010462204107670604	0.0	0.0	0.0	0.0	0.0	0.0	0.001101113587119234	0.0	0.0	0.0	0.0056835438032968606	0.0	0.00025430674726555004	0.0	0.0	9.151813891063648e-05	0.0	0.004487700790623632	0.0	0.0	0.0	0.022316828713320344	0.0	0.0	0.006290938284084334	0.0	0.0	0.0	0.0	0.0008493422773164431	0.0	0.0029641302832319016	0.0088938515914438	0.0	0.0	0.0014671485109507348	0.0	0.0	0.0	0.00014524123770383386	0.0	0.0
G[C>G]T	0.00010148790180257135	0.0019026296176921024	0.0	0.006536014507543968	0.0005341576787769425	0.05556710209745204	0.0	0.0	0.005515505484260244	0.0	0.0	0.0	0.0006354753882837688	0.0	0.0	0.0	0.0	0.0	0.004722958142654664	0.009458905026231515	0.002525198933121176	0.0	0.0017439218196494974	0.016854367510390315	0.0008925842391090247	0.0	0.0031124636179793584	0.0041181681215883064	0.006287267987663014	0.00041449292061407496	0.00022374123244399527	0.004003461461363169	0.0	0.0	0.0020181578740620237	0.0	0.0030934454016143032	0.01235798508959175	0.0	0.0	0.0025854001748309334	0.0	0.003933127680609527	0.0	0.0	0.000508881613557523	0.0	0.0
T[C>G]A	0.0	0.0065668836096189395	0.004428535325334035	0.010193870556572811	0.0	0.028898733919921614	0.0065324657227273965	0.0	0.0014386246285865232	0.0	0.0	0.0	0.0	0.0	0.0	0.0	0.0	0.0	0.0012389877064235214	0.036652162406081636	0.005207282703084491	0.0	0.0	0.007198416379788866	0.41239365052736415	0.00023417834429544538	0.001511814112133263	0.00010188424339259971	0.0	0.0	0.0	0.0	0.0	0.0	0.0	8.904591278573258e-06	0.0	0.0	0.0	0.0	0.0	0.0	0.0	0.0	0.0	0.0	0.0	0.0
T[C>G]C	0.0	0.021193399082380108	0.0	0.0	0.0	0.09245034540552838	0.0	0.0	0.00030407673131386414	0.00234082210282528	0.0033773951871163134	0.0008883824745140027	0.00963781948115607	0.0	0.0	0.0	0.0	0.0014205935045199154	0.0	0.0	0.0	0.000669567399026787	0.0007925557915577327	0.0	0.07118115768913046	0.0	0.0	0.0	0.036795317583268705	0.0	0.0	0.0	0.0	0.03774457365175941	0.0013098361686188918	0.0	0.0	0.004201444714677089	0.019982811031816733	0.0	0.00020558118677170827	0.00013354288923866057	0.0010309593722978572	0.0	0.0	0.0	0.002471456568718693	0.0
T[C>G]G	0.0	0.004472441630548526	0.0	0.001260894385970417	0.0	0.010817015166513356	0.0	0.0	0.0	2.4144597603166e-05	0.0	0.0	2.5978591070656037e-05	0.0	0.0	0.0	0.0049618955611169975	0.001959529672543943	0.002283320360749466	0.0	0.0	0.0	0.0	0.0	0.013696876921973218	0.0	0.0	0.0023815597832094796	0.0038698212439917047	0.0009429553493946659	0.006274101418866971	0.0	0.0	0.00015111890122203181	0.0002615108656040684	0.001953856297664362	0.0	0.008811500362145347	0.0027107977093193017	0.0	0.0	0.0	0.0	0.0	0.0	0.0001718926320265511	0.0	0.00041594212827685256
T[C>G]T	0.0010182640025678538	0.0	0.0014686937983894545	0.00664413071212629	0.0	0.005559609461980311	0.00818257278265072	0.0	0.0	0.0	0.0	0.0	0.0	0.0	0.0	0.0	0.007969793977868641	0.0	0.0	0.06653084392087592	0.01017518218343864	0.0010483278624286373	0.003307416543522489	0.0	0.31974451300953655	0.0	0.0046558508449714	0.0010414371787734965	0.5690536769337958	9.688955094887494e-05	0.0	0.0005752202401318103	0.0	0.0	0.0	0.0	0.0	0.0	0.0	0.0	0.0	0.012053513367638524	0.0	0.0	0.0	0.0	0.0	0.0
A[C>T]A	0.0	0.0	0.0	0.01776333122273199	0.0	0.0	0.007621350626947282	0.0	0.003196654240209421	0.0	0.0	0.031330734249230746	0.0	0.0	0.015207607120307812	0.0	0.030126388082725396	0.03713287312420403	0.006892364042364479	0.0	0.031473913129292014	0.0	0.0	0.032013472297539175	0.0	0.0	0.3418957553921224	0.0	0.02829725976814447	0.0	0.02228367545815754	0.0	0.010957354195877648	0.0	0.0	0.0	0.006200386093310247	0.0	0.08084154588620657	0.0	0.0	0.009250637945640666	0.0025600452668419513	0.016881623069491956	0.0	0.0	0.00152739506743721	0.0
A[C>T]C	0.002805332474215342	0.0	0.0	0.0	0.0	0.0	0.0016891338041032766	0.0	0.0	0.04609314678763707	0.0	0.12255366811526774	0.0	0.0	0.0	0.4358107888376554	0.0	0.010825961240922912	0.00526300766459291	0.0	0.0	0.0	0.01671967060468319	0.0	0.0	0.0004362821993469204	0.028082242214205518	0.0	0.0	0.0	0.00530070546879704	0.0	0.004155050931581031	0.0383296108427273	0.0	0.0	0.0	0.0	0.0	0.0	0.0	0.0	0.0	0.03358794998474121	0.0	0.027618427544240938	0.03156769784213673	0.043334911178257864
A[C>T]G	0.0	0.0	0.0	0.0	0.030187587777453652	0.0	0.0	0.05901976579077063	0.0	0.000502606504896501	0.0	0.0	0.0	0.009044110022774514	0.5771237508297115	0.0	0.012437971936191342	0.0	0.0	0.0	0.0408627447116959	0.0	0.0	0.0	0.0	0.0	0.09920894687816467	0.0036850130158479545	0.025729847523083407	0.0	0.0	0.0	0.00656268270990916	0.0	0.006767487376132979	0.0	0.0	0.0	0.0	0.0	0.0	0.004512429080120183	0.0	0.0	0.0	0.00039729206657864764	0.0	0.000820932466054755
A[C>T]T	0.006919687675688543	0.0	0.0	0.0	0.0	0.00953666340481633	0.0	0.0	0.009903614170656156	0.0077442306941608915	0.0	0.403927948590859	0.016045559438448747	0.0	0.002502455631701556	0.0	0.0	0.0	0.0	0.008707884939066936	0.0	0.0004839691394168037	0.0	0.008892532980609812	0.0	0.0008686465526794856	0.08587928249728065	0.006261548603256882	0.0	0.0	0.0	0.009260615647837662	0.0	0.0	0.007040292200249689	0.0	0.015236302547624724	0.0002164973275538661	0.0	0.036829473340484864	0.0012805775353110888	0.006535322744781938	0.046543388387379994	0.0	0.012209664437864715	0.0	0.0	0.0150334416083711
C[C>T]A	0.04721249277495991	0.02178577398341337	0.024057109430229023	0.021955354896124147	0.0	0.011932863783243564	0.0	0.0	0.0	0.14695538475864345	0.0	0.0	0.06580392722025637	0.0	0.0	0.0	0.0	0.0	0.0	0.0	0.0	0.002057174445051753	0.0	0.018138512968579153	0.0	0.0	0.04560135703755779	0.0	0.0	0.0	5.941094630636072e-05	0.00295009903375834	0.0	0.0	0.007922753432933168	0.0	0.005425585846993891	0.036820088968834284	0.0	0.01795393538033617	0.0	0.0	0.0	0.0	0.0	0.05947556788576178	0.0	0.25627081036081384
C[C>T]C	0.022083658432546737	0.0	0.0	0.0	0.0	0.0	0.0	0.0	0.0	0.125656611224178	0.0	0.0	0.0	0.0	0.0	0.011069853543578066	0.0	0.0	0.0	0.0	0.0	0.0	0.0	0.0	0.0	0.0	0.0	0.0	0.0	0.48493565668500477	0.0	0.0	0.0	0.06860773525048021	0.0	0.0	0.0	0.0	0.0	0.0	0.0	0.0	0.0	0.0	0.0	0.4317908882177192	0.10921351182193094	0.07905500536723055
C[C>T]G	0.003290479400960477	0.0	0.008132595745257902	0.0	0.0	0.0	0.0	0.022145660993934044	0.0	0.006187195744583371	0.0	0.027123434882775806	0.0	0.839648150746843	0.0589578619871966	0.0	0.0	0.0	0.0	0.0	0.0	0.0	0.0	0.0	0.0	0.0	0.06661499994799498	0.0019461318020620503	0.0	0.0	0.0	0.0	0.0	0.0	0.010041751495794674	0.018436128403545794	0.0	0.0	0.0	0.0300215238511437	0.0	0.017052651295994595	0.0	0.017935375744545446	0.004933540234303104	0.006484209229541659	0.0	0.024007258034832585
C[C>T]T	0.010530612425265935	0.0	0.0	0.02005202218035795	0.0	0.0	0.0	0.0	0.0	0.2182567513820636	0.0	0.07732241432199778	0.2059425571218574	0.0	0.0	0.0	0.0	0.0	0.0	0.01956462173500579	0.020018464398433293	0.0	0.0	0.0	0.0	0.0	0.0	0.007469924652100731	0.0	0.21266522388883843	0.0	0.0	0.0	0.0	0.0	0.0	0.0	0.0	0.0	0.01083354542872727	0.0	0.0	0.0	0.0	0.018272351727680033	0.0	0.31653709398824115	0.13268304565956635
G[C>T]A	0.0	0.003107690355857501	0.0029801502057584307	0.0	0.0	0.005995495803598259	0.0016083329200080865	0.050106973929369136	0.0	0.0	0.0	0.0	0.0	0.00928676315537091	0.0	0.0	0.0	0.0	0.0	0.0	0.0	0.00165266709528332	0.0	0.0	0.005481929053467448	0.0006391636800329554	0.1828548130158323	0.0	0.014511357261979555	0.012208926667167353	0.0	0.0	0.0	0.00044164140485196526	0.0	0.0	0.03612213431060434	0.005310179109965399	0.0	0.0025920130780463847	0.17782353538971807	0.0	0.0	0.0	0.0	0.0	0.0	0.0
G[C>T]C	5.691746915084187e-05	0.0	0.0018201337772544189	0.0	0.0	0.0	0.0	0.06508952122079818	0.0	0.0	0.0	0.0	0.0007801317676645132	0.0	0.0	0.42288034558937065	0.0	0.0	0.0	0.0	0.007541423220861205	0.0	0.0	0.0	0.0019243443609721301	0.0	0.0	0.0	0.0	0.21507036748700115	0.0	0.017920482197507234	0.0	0.0	0.007806990456843528	0.0	0.0	0.0	0.0	0.3192498091504058	0.103125975572086	0.0	0.0	0.0	0.0	0.0	0.0	0.0
G[C>T]G	0.0	0.0	0.0036148255870302464	0.0	0.0	0.0	0.013667537944635728	0.612886585938591	0.0	0.0	0.0	0.018975398195042365	0.001565628265079271	0.0	0.16832887266985952	0.0	0.012731204989291858	0.011691031660903855	0.0	0.0	0.0	0.0	0.0	0.011814226379685148	0.001018748784705914	0.0374716373085219	0.02920960986329683	0.005322792122132093	0.0	0.0	0.0	0.0	0.0014858127540292427	0.0	0.0	0.0	0.0	0.0	0.0	0.0	0.026083271582924304	0.0	0.0	0.0	0.0	0.0	9.224948352787558e-05	0.0
G[C>T]T	0.0032723436886494556	0.0	0.0	0.014148929291308683	0.0	0.0	0.004443221137231089	0.0	0.0	0.00888656979867126	0.0	0.16010162180291385	0.0	0.0	0.0	0.0	0.004733752752127981	0.017481475588936528	0.02297119111607858	0.0	0.0	0.0	0.0	0.012737541952498058	0.0	0.0	0.019953774556409627	0.006123114543229577	0.0	0.0	0.007401362531458664	0.0	0.003545636049470032	0.0	0.0	0.0	0.0	0.0016947458028330545	0.0	0.48943362604208207	0.03687246750067726	0.0	0.0	0.0	0.018498315373051005	0.02994610284715872	0.014010501278011608	0.0
T[C>T]A	0.24707477431884134	0.0	0.9100824728846072	0.0	0.0	0.0	0.0	0.0	0.0	0.0	0.0	0.0	0.0	0.0	0.0	0.0	0.0	0.0	0.0	0.0	0.0	0.0	0.0	0.0	0.0	0.0	0.0	0.0	0.0	0.0	0.0	0.0	0.0	0.0	0.0	0.0	0.0	0.0	0.0	0.0	0.0	0.0	0.0	0.0	0.0	0.0	0.3435419247183676	0.07621722469885502
T[C>T]C	0.561135643138473	0.0	0.0	0.0	0.0	0.0	0.0008057333399547157	0.0	0.0	0.3613370337626729	0.0	0.0	0.0	0.0	0.0	0.048795898753331235	0.0	0.0	0.0	0.0	0.0	0.0	0.015090821059016527	0.0	0.04498672781528818	3.409457095256525e-05	0.0	0.009358622295243743	0.0	0.0	0.0	0.0	0.0	0.1124866269070436	0.0	0.059214868068761486	0.0	0.0	0.0	0.0	0.0	0.006226769664715835	0.0	0.0	0.0	0.02194889412853423	0.0	0.03752364710296059
T[C>T]G	0.06519485261909172	0.0	0.0	0.0	0.0	0.0	0.00040277163527015767	0.0	0.0	0.0	0.0	0.0	0.0	0.0	0.030115199351083463	0.0	0.0	0.0	0.0	0.0	0.0	0.0	0.018558158256261392	0.0	0.007075139706430259	0.0	0.0	0.0	0.0	0.0	0.0	0.0	0.0	0.0	0.0	0.8000769806008078	0.0	0.0	0.0	0.0	0.0	0.0	0.0	0.0	0.00036245426995160557	0.0	0.0	0.20603341305073924
T[C>T]T	0.009011765461352236	0.0	0.014278379108160948	0.0	0.0	0.0	0.0	0.0	0.0	0.0	0.0	0.0	0.011933363799490278	0.0	0.0	0.0	0.0	0.0	0.046979179974252626	0.0	0.0	0.0	0.0	0.0	0.05078966995296616	0.0	0.0	0.0	0.0	0.0	0.0	0.0	0.0	0.0	0.0	0.0	0.0	0.0	0.0	0.0	0.0	0.0	0.0	0.0	0.923318666939556	0.3856340011718151	0.12225776949980319	0.04313950451904712
A[T>A]A	3.935836332275099e-05	0.0	0.0	0.00382612337949383	0.0	0.0	0.00040209555328275326	0.0	0.0	0.0007515764855718619	0.0	0.0	0.010364920030221426	0.0	0.0	0.0	0.0	0.022358937886849232	0.02524933953284727	0.0	0.015262491112688634	0.05964270806406922	0.0	0.008927770528778417	0.0	0.0	0.0	0.02029052473917267	0.0	0.010977191866609965	0.0	0.0008392921714695539	0.0	0.0	0.0007691703990902232	0.0023140736004621312	0.010363694698723258	0.0	0.23227870019608388	0.0	0.004510403598632075	0.0	0.017380822181623092	0.034167912121535644	0.004809782927380987	0.0001526226880237221	0.008340852130071859	0.004680749732175859
A[T>A]C	0.0	0.0051833082972133505	0.0015255297743463122	0.012157472091656463	0.0	0.0	0.0009396114547279409	0.0	0.008234268557894707	0.0005503351799016719	0.018485838154872505	0.0	0.0002183556036509902	0.0	0.027199620819131177	0.0037086919741201106	0.0	0.0019418617647747403	0.0014866921174660208	0.03214443974998664	0.0	0.01043982766350841	0.0	0.0	0.0	0.0	0.0	0.0	0.0	0.0	0.0026294708793445434	0.0004141002833489271	0.0	0.0	0.0	0.0	0.003726170458454571	0.0157893103389528	0.0314558014276658	0.0	0.014340304280532335	0.0	0.011494929242538131	0.016902494588498566	0.002091129942776031	0.0	0.0023753120753623827	0.0
A[T>A]G	0.0	0.00146505805450827	0.0004013426253992581	0.0275950208352356	0.0005578929643507688	0.0	0.0003278678229596357	0.0	0.0	0.003768896638483939	0.005729235381712614	0.003341216451703127	0.0	0.0	0.002238040243569176	0.0	0.0006210240669251805	0.0	0.003938769783275371	0.021474522001842536	0.0	0.07848526844668621	0.004238490947927899	0.011350968732608444	0.0	0.0	0.0	0.009790169378227364	0.003692041957683519	0.0	0.0	0.0	0.0	0.0005783208794351573	0.0	0.0003058844976243964	0.014259068615962269	0.014710548012444641	0.043688222340872496	0.008387687734531565	0.0	0.012096306434037035	0.0036373847395364746	0.008709306300501514	0.0	0.0	0.0	0.004833092497516858
A[T>A]T	0.005758607262807714	0.0	0.0	0.0	0.0	0.0	0.002546187702210088	0.0	0.0	0.0074048500579126045	0.06077641014981071	0.0	0.0	0.0	0.017161780734062847	0.0	0.0	0.012879444819336262	0.05315690209790161	0.029872373130003422	0.015396059011060679	0.010646591111751414	0.0	0.0	0.0	0.0	0.0	0.0	0.0	0.008844711456985017	0.0	0.01617568847918319	0.003976738253284035	0.022114510184983876	0.0	0.0	0.0	0.0	0.03564192715745015	0.0	0.05329338607068528	0.012343060898578439	0.3517200981694474	0.07283921157050291	0.0	0.0	0.0	0.006550298052536121
C[T>A]A	0.0	0.009239728060160438	0.0	0.0	0.0	0.0014702252700306638	0.0	0.0	0.002159654502213457	0.0	0.0	0.010975755710730107	0.0043648931335905335	0.0	0.0	0.0	0.0	0.028654582827614346	1.6244981977888869e-06	0.0141022236466486	0.0	0.11992155360334572	0.004992402692250661	0.00871139049436042	0.0005906032276731643	0.0	0.0	0.004121164065592147	0.0	0.0	0.0027507867376082725	0.0026045580506622278	0.0	0.0	0.0021852882360708908	0.0	0.0	0.005031492190695948	0.015839204535498738	0.0	0.0	0.0	0.0036166819044154224	0.0	0.0	0.0	0.0	0.0029315922900476116
C[T>A]C	0.0	0.017952070261914563	0.0	0.0019417180080664276	0.0	0.0	0.0018363367928442734	0.0	0.000664821490736327	0.001620131921986854	0.0	0.0	0.005085280621600721	0.007162895209512593	0.0	0.001696621791138756	0.004088837208421422	0.0	0.005661917557718941	0.06282001624918682	0.0	0.050290740200524944	0.0	0.0	0.0	0.0	0.006435509771273077	0.0	0.003952184563551449	0.0	0.0033506887231922475	0.0	0.01743713154982999	0.0	0.03018568447433892	0.004643974559185151	0.0002499792449288461	0.0002487664397363557	0.00504620213039423	0.0	0.00032928795590530163	0.0	0.0	0.0	0.0	0.0	0.0	0.0028776313347678387
C[T>A]G	0.0	0.029638209064559086	0.0	0.011495321622743674	0.0	0.0	0.0021798838967178676	0.0	0.0	0.0	0.00514248901369079	0.0021334410763564934	0.00183036447829487	0.0	0.003870679583112065	0.0	0.002645829907732439	0.0	0.0	0.013820041161549935	0.0	0.18323915619122838	0.0	0.008610046941862723	0.0	0.0	0.0	0.0	0.001637340632757546	0.0	0.005963364775439812	0.0	0.0	0.0	0.007440781652170451	0.0	0.0	0.0004327334970807074	0.0	0.0	0.0	0.02914398326617331	0.0	0.0017397316356334794	0.0	0.0	0.0	0.0011028610863520368
C[T>A]T	0.0006084539633594315	0.014396906496827703	0.0	0.0	0.0	0.0018126342082711005	0.010519859710934332	0.00022426380128190432	0.0	0.0	0.0	0.012826931259260205	0.009795889534594288	0.0	0.0	0.0007711793464340759	0.0	0.0	0.04994419840862724	0.07980819325960188	0.0	0.062233565763387476	0.0	0.006959553473326917	0.0006640469101680929	0.0007311121127536891	0.0	0.0	0.0	0.0	0.008541474983207316	0.0	0.0	0.012727601521737965	0.08415291333912794	0.0	0.0013975889371325542	0.007099160509675269	0.003299889884649283	0.0	0.0	0.00884418063885063	0.0	0.0	0.0	0.0005717207246106766	0.0022500466298883523	0.0
G[T>A]A	3.3196195955885096e-05	0.011221931120277731	0.0	0.0	0.0	0.0019706421190129773	0.0007583058746487739	0.0	0.002655581281980769	0.0005619313515129926	0.0	0.010969212385098579	0.002122066855805645	0.0	0.0	0.0	0.0	0.012171615206100965	0.0	0.0020895410727734555	0.0038337441415524864	0.061860913896857765	0.0011065240207315408	0.0015241767199198136	3.182981913602246e-05	0.0	0.0	0.0	0.0	0.001668202490762989	0.006010898867608777	0.0	0.0	9.947973442256058e-05	0.0	0.002169205450380188	0.0	0.010296804727545725	0.03341288527433757	0.0	0.0016567997528853997	0.0033464358720999765	0.00229493611854922	0.0005972911313038887	0.0	0.0	0.0020463120747276184	0.0
G[T>A]C	1.1960749036950133e-05	0.0065907556502491915	0.0	0.003995421797255314	0.0	0.0037443192301436935	0.0015631610112061588	0.0005974991899942548	0.0	0.00025653759819811305	0.014174684022095851	0.0	0.0	0.01535482817871772	0.002398929209822858	0.0011426434046278677	0.0045553263558826	0.0	0.0006139030218010852	0.020173194489981672	0.0	0.010514896848151788	0.0	0.0	0.00038983210839975543	0.0	0.0034961502486193833	0.00013070718345189526	0.0	0.0	0.0022843072712523645	0.004565160171468966	0.00090720769937337	0.0	0.005454826115510692	0.0005194372365518953	0.0	0.006302549052222726	0.0	0.0	0.004669519123884185	0.0	0.0010583415520571244	0.008077668147854053	0.0	0.0	0.0007488988371853042	0.0
G[T>A]G	0.00031510352432816564	0.014804626527131099	0.0	0.0014730147491232508	0.0029063671893877715	0.004997786518815417	0.0	0.007161982136943943	0.0	0.0013820678633698403	0.0	0.0	0.0	0.0	0.0	0.0	0.0	0.0	0.0	0.005689129226116838	0.0	0.048487149257245135	0.0025132837506162044	0.008305144905761886	0.0	0.0	0.0042302701800301604	0.00014025250215053144	0.0	0.0	0.00820539646852865	0.00020153423059257806	0.002642648189358547	0.0	0.0	0.0	0.0037071161757940394	0.030697257646169502	0.026967287583982452	0.0030521772607293015	0.0	0.013001908264759566	0.0003619874370826275	0.0038567264125987555	0.0	0.0	0.0	0.0
G[T>A]T	0.0001242353275534766	0.010449818548808078	0.0	0.0	0.0	0.007257568734402169	0.0	0.0	0.00047652275729490653	0.0	0.009215950685167753	0.0	0.0	0.0	0.0	0.0036380635397181577	0.008503809093710296	0.0	0.026862618481339355	0.04581426146087228	0.0	0.011362139537200371	0.010130337132953806	0.001577774428080476	0.0	0.0	0.003640496789944407	0.0	0.0	0.0	0.0	0.0	0.0	0.015303481559792017	0.016643778292536677	0.0031520525132622025	0.0	0.014002771722929639	0.0	0.0	0.007277556155043048	0.007278058153361649	0.0	0.019320389188455845	0.0	0.0	0.002468716125905586	0.0
T[T>A]A	0.0	0.0	0.0	0.0	0.002945798322183319	0.0	0.006886988267999736	0.014701217426755196	0.0	0.0026767773200673944	0.0	0.0	0.005905443578731806	0.0	0.0	0.0	0.014403533150787585	0.25505294529279376	0.0354830627565623	0.0	0.008434449179541954	0.07456185953539654	0.0	0.007573067550712056	0.0027835638956843914	0.0	3.834770999992399e-05	0.010570491129907255	0.0	0.0	0.003505232081028185	0.023471132460483757	0.0	0.0	0.00413181731105394	0.0	0.0	0.0	0.004429249865038289	0.0	0.015114830824993005	0.005647524758405156	0.03460982423796114	0.0027147309921109943	0.0	0.007474837539833546	0.0	0.005745915438019527
T[T>A]C	0.0	0.005076190542511967	0.0	0.01565169641796811	0.0	0.0010773367017951222	0.0	0.0	0.0004569066676437275	0.0030523575302360026	0.004148616832761975	0.0	0.023131016417628377	0.0	0.0	0.0	0.0	0.011307787816809892	0.0181797227457207	0.035774509266728566	0.0	0.027906480445875695	0.0	0.0	0.0011077619688487856	0.0	0.0	0.0	0.0	0.0	0.0	0.0	0.0	0.0	0.008599609394343668	0.008616691459871297	0.0021495556621052613	0.0	0.0022898451050495034	0.0	0.0	0.0	0.0017154011936846552	0.0190329382156615	0.0	0.0	0.0	0.005045175285261454
T[T>A]G	4.6931613202442804e-05	0.0	0.0005810567545707402	0.008022963506094025	0.002580840928486347	0.0	0.0	0.0	0.0	0.0016038107499322474	0.015591099967392679	0.0	0.020029500209491072	0.0	0.0	0.0	0.0	0.026115597412511415	0.004263056289801758	0.0	0.0	0.07834813537075859	0.0017688825980500034	0.008729659295338912	0.0	0.0	0.0	0.0	0.0	0.0	0.0	0.0	0.0	0.0	0.0	0.0	0.0007952446015673512	0.0	0.0	0.0	0.0	0.015209516660205024	0.0	0.03024355728261846	0.0	0.0	0.0	0.0
T[T>A]T	0.004282366154902244	0.0	0.0008262355642044867	0.0	0.012667634507934332	0.0	0.0024212387530593853	0.0	0.0	0.0	0.0	0.0	0.13387310098303032	0.0	0.0	0.0	0.0	0.0	0.3771900249579009	0.0	0.0	0.01897100737231195	0.0005122757997252151	0.007837031214441948	0.0	0.004259065532572958	0.0	0.0	0.0	0.0	0.0	0.0	0.0	0.025091308327328605	0.0	0.0	0.0	0.0	0.0	0.0	0.032475956273033436	0.07076918149425816	0.03904361233648373	0.01966850294145855	0.0	0.0	0.0	0.0133628247952958
A[T>C]A	0.0	0.021969240332703872	0.0	0.20512331142320994	0.012227543909053486	0.0	0.0	0.0	0.001873890644521912	0.0	0.0	0.0	0.0	0.0	0.0	0.0	0.0	0.08460459358605622	0.007217770249070012	0.0	0.0	0.028137555943939005	0.003855569000761558	0.0	0.0	0.002030504068373837	0.0	0.0008849368543929469	0.0074485487767441995	0.012863532137576794	0.02497584441130455	0.05286792109618545	0.16721424899376675	0.0	0.0	0.0	0.0	0.08184171401782922	0.0861445019751646	0.0	0.0395253501026319	0.011313546857363731	0.0	0.0	0.0	0.002962283838151397	0.0	0.001150345838783524
A[T>C]C	0.0	0.0	0.0	0.026512485353098282	0.0	0.0	0.0	0.007638696057038609	0.10941158950234767	0.0	0.004752901604819172	0.0015738377132221862	0.0013117533936645527	0.0	0.0076679906460364764	0.005172235998633153	0.027800254102928867	0.0	0.0	0.016581471805271298	0.0033315730979669865	0.0	0.0	0.00132138978969139	0.0004210595670897479	0.0039608153327285595	0.008034172913627747	0.0	0.0	0.001532573176033499	0.004974429486461035	0.03540653732741763	0.016001412803927403	0.0	0.0	0.001180152263151915	0.0	0.06052477747212424	0.0016132968066478628	0.0	0.0	0.0037138574236876007	0.007638967883686798	0.004194216132557661	0.0	0.0	0.0	0.0
A[T>C]G	0.0	0.0	0.0005336091951648878	0.15300507847595335	0.0	0.007146100908445365	0.0	0.0	0.0	0.002248233978894571	0.0078767599265353	0.009124436506930091	0.0009140548217598497	0.0	0.0	0.0	0.1728409716348916	0.0	0.0	0.0	0.04381383506037274	0.006664378149528624	0.0	0.0	0.0010819655807193895	0.0035494479876080846	0.0	0.0012880535233812896	0.0	0.0	0.0	0.011446452974659536	0.02963584182119339	0.0	0.0	0.0031224111967741524	0.015965167096989707	0.018148215009338747	0.0	0.010327479630712197	0.036015706514633775	0.0	0.017831152234977117	0.0267358097354924	0.0	0.0	0.0	0.0
A[T>C]T	0.0	0.0	0.0	0.1416226412248125	0.005800522572975374	0.002528588188998167	0.002289929060561728	0.0	0.0	0.0012398041608902128	0.030391078484454614	0.0	0.0	0.031044791141393645	0.0	0.0	0.0	0.0	0.0025647408189066762	0.0425506512025672	0.004067933988854735	0.0	0.03880263617318577	0.0	0.0	0.0019904453518411283	0.00010217568599025313	0.0	0.004014415855310467	0.0	0.0057503139800507315	0.0502256781652519	0.0	0.12315021446782859	0.0	0.0	0.01629862109614825	0.06911656097927232	0.038214760779730406	0.0	0.0	0.019629965150941116	0.03284485198711237	0.04540890745190959	0.0	0.0	0.0	0.007449263907950648
C[T>C]A	0.0	0.011407914733072521	0.0	0.0026919268851091837	0.0	0.0	0.0011934480248182089	0.0	0.001407673531961779	0.0021729277936271	0.0010358812690938466	0.005606004997159737	0.006599798840783059	0.0	0.0	0.0	0.017405871951694532	0.0	0.007481518684963558	0.0	0.01027159869290461	0.008177964676135716	0.0	0.008688189521332015	0.0	0.0	0.0	0.007085383166103261	0.0011818677960103163	0.0	0.0	0.0578416046872609	0.04870934805057776	0.0	0.015496890150059289	0.0	0.0	0.10378141536426556	0.0	0.0	0.04075638048522511	0.0	0.008714592876121629	0.02798342706166708	0.0007293016717365307	0.0	0.001614661824218438	0.0035230310625376775
C[T>C]C	0.0	0.0032554250493873524	0.0010633941309521925	0.006881899926464694	0.0	0.0	0.0	0.0	0.2384887589323972	0.0	0.00382045444827736	0.0	0.0	0.0	0.0	0.0	0.0343145559194311	0.0	0.0	0.0261669822774085	0.0	0.0017819178876822838	0.0	0.0	0.0	0.0	0.0	0.0	0.0	0.0	0.0	0.004404756753453585	0.06463169763330201	0.0	0.09493499223484003	0.0	0.0035848462862569006	0.0	0.04572828156681552	0.0	0.0025088859030918645	0.02243631859723627	0.0	0.0	0.0	0.0	0.0	0.0
C[T>C]G	0.0	0.007536167165228906	0.0	0.0	0.013706757900129075	0.005043791578237911	0.00016963611300300436	0.007623024207127032	0.03714164531076966	0.0	0.0	0.0	0.0	0.007081146241381469	0.0	0.0	0.1831780776437693	0.0	0.0	0.0	0.01906175966356791	0.002606447327273772	0.0	0.0	0.0	0.0	0.0	0.0	0.002943263976075355	0.0	0.0	0.011069887016625382	0.047147190241193196	0.0	0.059757635231020415	0.0	0.0	0.0	0.0032075406390501137	0.0	0.07613867789881043	0.009642652057734636	0.002414168753405456	0.0	0.0	0.0	0.0011981837321906519	0.0
C[T>C]T	0.0	0.002328443681241066	0.0	0.0	0.0	0.0	0.0019238019687748053	0.0	0.011224668655589272	0.0031970029279411566	0.0	0.0	0.011298328092109188	0.0	0.0	0.011727625215303994	0.02078252282075665	0.0	0.03789001639664784	0.0	0.014077574880290943	0.0	0.06133348923242409	0.0	0.0	0.0	0.0	0.0	0.0	0.012168945338366802	0.0037925436559436837	0.03328416749801394	0.0431713176498424	0.07191393329601697	0.37997825437672256	0.006169699706058846	0.0	0.0	0.0	0.0	0.0	0.0	0.10919574338652362	0.013769831200202847	0.0018034768503201706	0.0044653396201060624	0.012283874340479003	0.001322265506867285
G[T>C]A	0.0	0.002008532006036525	0.0008391630071096623	0.026789095964101027	0.0	0.00254167910950732	0.0	0.0	0.0	0.0	0.007875128670552723	0.0018474239473394907	0.0011850830645309248	0.0	0.031671568611710034	0.0008610909609422775	0.011716924926521155	0.0	0.0	0.0	0.0	0.0034634401471105893	0.0	0.013236346513251881	0.0	0.00742155648893007	0.0005616812175605866	3.61021426922875e-06	0.0	0.0	0.0	0.20108867569805122	0.017285534915543514	0.0	0.0	0.0	0.0	0.0010138061219823807	0.0	0.0	0.07769837697012019	0.0	0.011711459962576916	0.012729580767964021	0.0	0.0	0.0	0.0
G[T>C]C	0.0	0.0007287024769037397	0.0014449780587167868	0.011986852405072692	0.014693994982533454	0.0	0.0032168435844782883	0.016490513485994864	0.06446017271811239	0.0	0.0	0.0	0.0	0.0	0.01412597304415833	0.0	0.020436852023625243	0.0	0.0	0.01223242417987481	0.0	0.00043309629532313715	0.0010614639054174388	0.0	0.00024564123996273566	0.009681140803937262	0.0	0.0	0.0	0.0	0.004301748289290919	0.07821789282100117	0.0	0.0	0.006180591811802172	0.0011445131155676678	0.002349426722748241	0.02109390776203269	0.00565718913252078	0.0	0.0	0.0036670670897246374	0.0	0.001980889941130113	0.0	0.0	0.0	0.0
G[T>C]G	0.0001757748573432339	0.0	0.0002199272951348335	0.01890499222038842	0.015177963882974205	0.007880400963062353	0.0	0.025836421230710744	0.0	0.0	0.024073320303370675	0.0	0.0	0.0	0.0	0.0	0.10756085642372316	0.0	0.001025033828690214	0.0009194278389986456	0.008288920831728202	0.0016505776890698078	0.004792748535134787	0.0008410638850142768	0.0	0.0018743590695389468	0.005484106102711793	0.00421176298458668	0.0	0.002218606397220493	0.015967827989197325	0.08428886253576733	0.001734522078699425	0.0	0.008656781371985332	0.001020810747469493	0.0	0.0	0.021399714750996165	0.0	0.025681008730987834	0.003576528315445824	0.0	0.0	0.0	0.0	0.0	0.0
G[T>C]T	0.0019312029398505096	0.0	0.0	0.0	0.0	0.0	0.001142912549064786	0.0	0.0	0.0	0.0	0.0	0.026990395743356436	0.0	0.0	0.0	0.0	0.0	0.01060064287263647	0.0	0.007132314562629155	0.0	0.5769458960381413	0.0	0.0005930353497542685	0.020227026756462874	0.0	0.0	0.0	0.0	0.0	0.12576631633684088	0.0	0.059393642327658355	0.005391580012313819	0.0	0.0	0.0	0.0	0.0	0.04760843226836203	0.018382112691659853	0.0	0.0	0.0	0.008919670203651142	0.005585597101575913	0.006953253429582196
T[T>C]A	0.0032871999550625162	0.0	0.0	0.04327398755311921	0.012100414668615908	0.004176020560329411	0.0005444143814255692	0.0008769090588515012	0.0	0.0	0.0	0.0	0.030708993460369354	0.010238335321639288	0.0025423905715503767	0.0	0.0	0.0	0.02134485610783509	0.0	0.018078804563425116	0.0047550220792870685	0.0475917121285005	0.0	0.0	0.0	0.0	0.0	0.003913282860865543	0.0	0.0	0.06969583536347286	0.01744510024457788	0.0	0.0	0.0	0.006744196340409443	0.0	0.0	0.0	0.03750229437830324	0.020403138731565216	0.05533067358429148	0.27174348763758643	0.0	0.0003461321360359393	0.006575495086288207	0.0
T[T>C]C	0.0	0.0	0.0	0.0	0.0	0.0	0.0006824243344137742	0.027429077641995002	0.1598777194355384	0.0034491195478049213	0.0	0.0	0.02174937924284256	0.0	0.0	0.0	0.03982512165002068	0.056376343146421565	0.015441671870144075	0.00917643222502469	0.0033375106138451233	0.000561557606413913	0.008054054504003158	0.0	0.0	0.003857390374481963	0.0	0.0	0.0	0.0	0.0036295561125390475	0.0486869246487248	0.029915217747859917	0.0	0.009012561742657216	0.009931665447186462	0.0	0.024254591885128022	0.0	0.04428673068702628	0.0	0.013881075418897925	0.0013844405252956822	0.03523182390213221	0.0	0.0	0.0	0.00010604488563826271
T[T>C]G	0.0	0.0	1.1363837094219924e-05	0.015043486036728539	0.0	0.0	0.001647389538680496	0.0	0.0	0.0	0.0025250454538220234	0.008733221767690341	0.027710266155863108	0.0	0.0	0.0	0.08966834727069091	0.0	0.0	0.0	0.0	0.0	0.026658057858525302	0.0034871920751268397	0.000497050500510778	0.008354115073637123	0.0028029442767876843	0.0009517813205193348	0.0	0.003159532092881985	0.004237034336519813	0.0	0.0	0.0	0.008940200326509511	0.0009774306614534112	0.0	0.010430167605147067	0.006819352747145444	0.0	0.0702104502639395	0.0	0.0	0.10116317243113754	0.0	0.0032364944770502356	0.0	0.0028339551826677715
T[T>C]T	0.0013604195914085205	0.0	0.0	0.0	0.0	0.0	0.013920823509665043	0.0	0.0	0.0	0.009085911689798904	0.0	0.1055908848426807	0.0	0.021256850144429944	0.0	0.0	0.0	0.052672284170632175	0.0	0.0	0.0	0.014777903964802408	0.0007419594357108547	0.0	0.0015658353603862107	0.0	0.0037192798778944696	0.0	0.0	0.0	0.0	0.31954272339175593	0.14565409508766114	0.0	0.024131566472830674	0.0	0.0	0.0	0.021930616306175158	0.0	0.0	0.0	0.023910141255287225	0.0	0.0	0.0	0.0
A[T>G]A	0.00015309474466512345	0.0009207049850976968	0.0	0.0	0.008724195973694594	0.008950447142805941	0.0022119257549870854	0.0	5.6270341638018577e-05	0.00034870684031695844	0.004490513818843543	0.0024746952475027746	0.004814550230847504	0.0	0.0	0.0	0.0	0.033502735767169306	0.01082816298957545	0.009189080375332974	0.0	0.0036615486963199996	0.011667747515028169	0.0	0.0	0.0008057993971098584	0.0	0.0010313894464744158	0.0	0.0	0.006813679548150471	0.0	0.006529449214831865	0.0	0.0	0.0	0.0	0.04154161464064457	0.028112201098962376	0.0	0.0	0.005370894415678035	0.0	0.006296398678035186	0.0037497748589222246	0.0007695715837177848	0.0002486603576592079	0.0007787279238820572
A[T>G]C	7.12551813886605e-05	0.0	0.0001469809059588726	0.010857735034022004	0.018100772193643994	0.006392155808271622	0.003770374277893237	2.377594309749736e-05	0.0	0.0009283561459757731	0.0	0.0	0.001221123985873226	0.0033206319654824723	0.0	0.0056035527925384285	0.005850222349945072	0.0	0.0	0.0038127055566507364	0.0	0.0	0.005952579774486108	0.0010078953337619879	0.0	0.0	0.0	0.00022191141826111073	0.0	0.0	0.0	0.0014394667250786216	0.0	0.0	0.0	0.00554648343054014	0.0	0.008409675097222123	0.0	0.0	0.0	0.0037952907303585403	0.007727301901986564	0.0	0.0	0.0019498270659563514	0.0	0.0
A[T>G]G	9.802049859129387e-06	0.0	0.0006637471951325936	0.017494006578009137	0.0	0.014993896001627325	0.0	0.0	0.0	0.004774643332826546	0.0	0.0	0.0	0.0	0.0	0.0	0.0	0.00012923678955763042	0.0	0.0	0.0	7.883971929713815e-06	0.01578827231780514	0.0029758160241402497	0.0	0.0	0.0010214120412158254	0.004807973267030194	0.0	0.0	0.0	0.0	0.0	0.0	0.0038783029501918065	0.016898517400036527	0.0	0.028504942378916074	0.0	0.0	0.0	0.1251124151434176	0.008743675616910694	0.0	0.0	0.0	0.0	0.0
A[T>G]T	0.00028423070424342677	0.0	0.0018263079273574175	0.0058463424155460325	0.1435079408680538	0.0016841175879858897	0.021960182289438582	0.0	0.0	0.004283168564307834	0.008354256876242753	0.0	0.0	0.0	0.0	0.0	0.0	0.010844631802389017	0.0	0.007096480303492662	0.0	0.0	0.012739142027326298	0.00034729030294114807	0.0	0.0	0.0	0.0	0.0	0.0	0.0	0.0	0.0	0.03976231132118387	0.07001365306849562	0.0	0.0	0.0038278479182521246	0.0	0.0	0.006775197312536503	0.0	0.0	0.01392893124155589	0.0	0.0	0.0	0.0008377083335151077
C[T>G]A	0.0	0.0003800039990311698	0.0	0.0040758653275306065	0.013462502571725038	0.01107646536964762	0.001326679716443959	0.0	0.0	0.001189039860368905	0.01934430258335896	0.0	0.0003446336948476206	0.0	0.0	0.0	0.0024990942265601087	0.019997349993569922	0.0017085091166185885	0.007844530436623273	0.0007471169095800261	0.004807226259066547	0.0063646826242157745	0.0	0.0	0.002470408672814873	0.0	0.0	0.0	4.840344076550686e-05	0.0	0.00023464609714609044	0.0005728999312609926	0.0	0.0	0.0	0.0	0.006956526030141549	0.0063410626872996805	0.005101382109599197	0.0	0.005537449780888019	0.0	0.0	0.0	0.0	0.0	0.0006436939315779288
C[T>G]C	0.0	0.0006560949941523049	0.000637040446205841	0.00531472803099104	0.019926268985347297	0.014781546595417371	0.03399552137355091	0.009138982750009943	0.0	0.0	0.0	0.0	0.0033913398941226246	0.0031012055076903404	0.0	0.005532546742047528	0.018016764971083583	0.0	0.0013556760810461677	0.012893285610079658	0.0	0.0014811624718198083	0.0	0.0	0.0	0.0	0.0	0.0	0.0	0.0	0.0	0.00030186193482316576	0.0	0.0	0.0	0.0003405974214059765	0.0	0.0	0.0011655967055400392	0.0	0.004227472488488553	0.0017471864534724152	0.010684047623829318	0.0	0.0	0.0	0.0	0.0013106915911056756
C[T>G]G	0.0	0.0036010076259484483	0.0	0.0	0.020991159925370418	0.02129286152839828	0.012024783746437829	0.0	0.016345478624113105	0.0	0.015535082584225536	0.01112377986970002	0.0023890265957115004	0.01324963959684027	0.0	0.003929224232344997	0.01823439498436649	0.0	0.007687707281601962	0.002817591720323092	0.0	0.003506026120342045	0.0	0.0005188826891685844	0.0	0.0	0.0	0.0	0.0	0.0010839797133540359	0.0	0.0033850201180166627	0.0	0.0	0.0	0.0	0.0	0.0	0.003618098879460791	0.0	0.008288803552454337	0.12534218375348996	0.0	0.0	0.0	0.0	3.478592749713458e-05	0.0014275421972309661
C[T>G]T	0.0	0.0	0.0	0.0	0.0	0.0	0.6341360122125135	0.0	0.0	0.0020801096729968394	0.0174478170770733	0.0	0.0012920819054093335	0.0	0.0	0.0	0.0046712862928057	0.0	0.0	0.023523498015715384	8.19314142991186e-06	0.0014149772984414504	0.0	0.0	0.0	0.02901628162051024	0.0	0.0	0.0	0.005013547354342028	0.0	0.006723451164807337	0.008198747598568649	0.006316774490717425	0.04357633835853942	0.0	0.0	0.0	0.0	0.0	0.0	0.0	0.0	0.03664389840508415	0.0	0.0	0.0	0.0
G[T>G]A	0.0	0.0020666137957103662	0.0	0.0	0.0	0.004124792546652775	0.0	0.0	0.06401303768520528	0.0	0.0	0.01687228019523315	0.0032776105231473564	0.0	0.0	0.0	0.0008874164657447828	0.010156620194818259	0.0	0.0	0.0	0.0013030748868397108	0.0	0.0	2.4698423410027305e-05	0.0	0.0	0.12166026996726473	0.0	0.0	0.0	0.0	0.0	0.0	0.0	0.0	0.0	0.00015989381722933567	0.004985520031981836	0.0	0.0	0.0	0.0	0.0	0.0	0.0	0.0	0.0
G[T>G]C	0.0	0.0	0.0	0.0	0.0	0.0032977472720811607	0.006362959372995528	0.0	0.04243759676396357	0.0	0.0	0.0003837370591999522	0.0016034759071756745	0.0	0.0006511621164391814	0.0036408979528770756	0.006577420631320332	0.0	0.0	0.0032429785206192236	0.0	0.00019654144344322832	0.0	0.0	0.0002226802479212908	0.0011077325301813835	0.0	0.07921118586216179	0.0	0.0	0.001253444672330378	0.0	0.0	0.0	0.0	0.0	0.0	0.006329595887827913	0.005250752722470898	0.0	0.0	0.0	0.0009285198259858193	0.0	0.0	0.0007475809997113857	0.0	7.654840581174535e-05
G[T>G]G	0.0	0.0	0.0	0.0	0.0	0.0	0.0	0.0	0.0	0.00564547136095528	0.0	0.0	0.0	0.0	0.0	0.0	0.0	0.0	0.0	0.0	0.0	0.0	0.018755500900600866	0.0	0.0	0.0	0.0	0.44186237182110405	0.0	0.0	0.0157391109668886	0.0	0.0025422964466302687	0.0	0.000778322965855341	0.005953751762967004	0.001288786199416943	0.0	0.014472176944555975	0.0	0.0	0.1550873559457992	0.0	0.0	0.0	0.0	0.0	0.0
G[T>G]T	0.0009374210438170773	0.0	0.0	0.0	0.014200294438278067	0.0	0.1292521345455943	0.0	0.17583859664578383	0.0	0.0	0.0	0.0	0.0	0.0	0.00512362451994204	0.0	0.0	0.0	0.0	0.0	0.0	0.012208939997342367	0.0	0.0	0.0	0.0	0.1419868635021082	0.0	0.0	0.0	0.0	0.0	0.014442848434115944	0.0	0.0020661580975480185	0.0	0.0	0.0	0.0	0.0	0.0	0.10201970869477844	0.0	0.0	0.0	0.0	0.0
T[T>G]A	0.00033370135246048863	0.0	0.0	0.0	0.02088775469372841	0.018098917181564745	0.003541405260433142	0.0	0.0	0.001486281905101285	0.023985425055470303	0.0	0.013986574037819076	0.0	0.0	0.0011041810291144095	0.0	0.027104848026789464	0.014764814020769915	0.01166022498612784	0.0	0.0011010960804547648	0.01050239001987014	0.0	0.0	0.01086965506446198	0.0	0.0	0.0	0.0	0.0	0.0	0.0	0.0	0.0	0.0	0.0	0.04829396088566479	0.0	0.0	0.0	0.01925075991051257	0.012103566001141198	0.0	0.0028114671916553546	0.0	0.0	0.0
T[T>G]C	0.0	0.0	0.0	0.00583809534212838	0.048863574011922775	0.0039434177263891895	0.0	0.0	0.0	0.0011145142395687375	0.0	0.008829675923633727	0.018232999939393528	0.0	0.0	0.0060692268348320234	0.0	0.0	0.006518424176758593	0.009979801926208159	0.0	0.0	0.0	0.0	0.0	0.0	0.0	0.0	0.0012404077638676052	0.00046712249410202307	0.0	0.0007479918799191095	0.0	0.0	0.0	0.0	0.0	0.031753465645987626	0.008543869950016426	0.0	0.0	0.009087659541624772	0.011292870094399146	0.0	0.0	0.0	0.001987656730929505	5.798951622770421e-05
T[T>G]G	0.0	0.002631478563706801	0.0	0.0	0.021343288684654127	0.01916854768276685	8.193939021242393e-06	0.011217333124181354	0.007616040411401856	0.0	0.0	0.006307294565245585	0.012937588174535069	0.0	0.0	0.0	0.005414751123258201	0.0068720593146902875	0.007504178953960973	0.0022925319356592306	0.0	0.001288233610828949	0.0016540452852737923	0.0	0.0	0.0	0.0	0.0	0.0010312594073690654	0.0015977115788198162	0.00676783225074756	0.0	0.008784581641143015	3.404228656958012e-05	0.0	0.0	0.003451038587981029	0.04141709201072038	0.006528523791084619	0.0	0.0	0.08454240527731972	0.0	0.01053963685229392	0.0	0.0	0.0017673623347072137	0.0
T[T>G]T	0.0	0.0	0.0	0.0	0.5353071725239641	0.0	0.01213705501406954	0.016024514987577374	0.0	0.0	0.0	0.0	0.04997021019620349	0.0	0.0	0.0	0.0	0.0	0.050055831344496045	0.0	0.0	0.0	0.0	0.0	0.000703509786863308	0.042536221283770326	0.01109916818043426	0.0008862047853437075	0.0	0.0	0.0	0.0	0.0652292953445567	0.029957154376694238	0.055752951658187014	0.0019043546480318812	0.0	0.0	0.0	0.0	0.0	0.040672374244364415	0.024738979330530632	0.0	0.0	0.0023272737201402195	0.0025259005940946352	0.0
